 1 845753 1 636607
 1 812954 1 643720
 1 868217 1 609046
 1 920248 1 607272
 1 841621 1 639394
 1 843907 1 598777
 1 817712 1 620917
 1 865980 1 632292
 1 876539 1 639944
 1 805247 1 642901
 1 829227 1 565484
 1 834679 1 669557
 1 851242 1 630615
 1 890325 1 702688
 1 832159 1 638667
 1 833736 1 637738
 1 778784 1 571492
 1 844489 1 672382
 1 825802 1 638894
 1 875471 1 622426
 1 879225 1 639387
 1 819482 1 633447
 1 818212 1 633262
 1 839324 1 651033
 1 817439 1 678071
 1 876202 1 600942
 1 841025 1 623927
 1 850781 1 619234
 1 754610 1 657392
 1 842733 1 640979
 1 881538 1 613492
 1 804685 1 671123
 1 877083 1 575129
 1 847312 1 655073
 1 827558 1 623170
 1 896258 1 707205
 1 829939 1 644422
 1 880719 1 597439
 1 828313 1 669762
 1 778978 1 589645
 1 832323 1 624353
 1 838906 1 655174
 1 913673 1 576755
 1 875535 1 587227
 1 797487 1 625675
 1 893942 1 596033
 1 770410 1 662419
 1 814804 1 605047
 1 832215 1 638387
 1 840280 1 643770
 1 833327 1 621905
 1 763542 1 635170
 1 825599 1 608689
 1 813209 1 683512
 1 938544 1 680392
 1 834393 1 656902
 1 787129 1 643393
 1 801229 1 617139
 1 886144 1 566002
 1 865073 1 661021
 1 796962 1 632416
 1 822877 1 612926
 1 835985 1 639514
 1 908901 1 628142
 1 807989 1 610817
 1 823816 1 651852
 1 818245 1 618659
 1 827601 1 640196
 1 846830 1 641704
 1 829041 1 623258
 1 858850 1 714281
 1 835967 1 564514
 1 835698 1 660461
 1 843223 1 632872
 1 880916 1 697241
 1 813541 1 641007
 1 913911 1 586519
 1 707529 1 693451
 1 846436 1 659041
 1 865316 1 690133
 1 842837 1 647272
 1 856101 1 601665
 1 822815 1 616988
 1 823364 1 620870
 1 817697 1 617678
 1 822368 1 648690
 1 855476 1 711703
 1 818065 1 675114
 1 843822 1 686283
 1 834396 1 637625
 1 802367 1 626026
 1 774481 1 694664
 1 805075 1 559992
 1 828813 1 622656
 1 841088 1 641913
 1 736868 1 591803
 1 812519 1 658809
 1 847097 1 610257
 1 880136 1 670834
 1 871566 1 663124
 1 835178 1 647851
 1 801113 1 631728
 1 836302 1 641336
 1 865563 1 600752
 1 856184 1 670732
 1 930906 1 675380
 1 787684 1 612023
 1 879210 1 671905
 1 940080 1 668730
 1 812951 1 619690
 1 782647 1 635710
 1 834146 1 634536
 1 825334 1 626399
 1 827880 1 657944
 1 806472 1 625818
 1 813142 1 634900
 1 834478 1 637224
 1 859522 1 666389
 1 812822 1 650842
 1 927475 1 652500
 1 830057 1 593423
 1 852554 1 687005
 1 755212 1 616702
 1 825515 1 636212
 1 841978 1 583774
 1 828956 1 617518
 1 851077 1 623381
 1 847787 1 616365
 1 781111 1 594759
 1 793474 1 650770
 1 849922 1 659848
 1 857555 1 592525
 1 851042 1 620360
 1 801896 1 668379
 1 798422 1 689889
 1 802904 1 649859
 1 833844 1 679629
 1 844117 1 650340
 1 750522 1 621023
 1 835324 1 635252
 1 805810 1 620656
 1 826540 1 709657
 1 821335 1 650998
 1 844114 1 619755
 1 799854 1 605921
 1 835851 1 659073
 1 850049 1 594729
 1 901514 1 652113
 1 826740 1 617100
 1 864116 1 598962
 1 830754 1 656445
 1 816172 1 642632
 1 875320 1 588946
 1 836090 1 553666
 1 944095 1 704540
 1 834141 1 639092
 1 858997 1 628120
 1 819923 1 617399
 1 812780 1 635276
 1 808308 1 627973
 1 868777 1 586944
 1 848355 1 652762
 1 853192 1 621237
 1 769703 1 672760
 1 983609 1 624193
 1 767435 1 659742
 1 795478 1 653018
 1 867257 1 713816
 1 822799 1 582231
 1 795493 1 623079
 1 894097 1 564130
 1 836258 1 638770
 1 725411 1 693316
 1 824187 1 721313
 1 835113 1 638129
 1 874788 1 594226
 1 811045 1 640408
 1 806425 1 629019
 1 817577 1 599782
 1 829553 1 641233
 1 780758 1 698302
 1 835775 1 635385
 1 836176 1 639066
 1 814374 1 659984
 1 787165 1 670018
 1 765298 1 632123
 1 814905 1 686125
 1 830536 1 651952
 1 837750 1 634132
 1 819893 1 646919
 1 803133 1 663437
 1 893841 1 718071
 1 869331 1 617053
 1 847430 1 623157
 1 810547 1 597362
 1 887955 1 652980
 1 856277 1 650393
 1 945668 1 662295
 1 910884 1 606259
 1 823954 1 581126
 1 780635 1 613287
 1 827314 1 657722
 1 874290 1 682154
 1 801009 1 632553
 1 758093 1 635151
 1 834477 1 615434
 1 778438 1 668842
 1 851028 1 601248
 1 847403 1 680628
 1 809226 1 590160
 1 847930 1 639549
 1 831541 1 638580
 1 818121 1 643361
 1 880168 1 671935
 1 815109 1 645044
 1 765957 1 654001
 1 917544 1 625573
 1 783878 1 625178
 1 889986 1 596630
 1 786184 1 663836
 1 918549 1 595580
 1 873325 1 661718
 1 836224 1 622436
 1 881118 1 595784
 1 854502 1 597915
 1 877342 1 656313
 1 849343 1 644126
 1 796153 1 621598
 1 806313 1 641996
 1 847671 1 637692
 1 869123 1 660870
 1 848927 1 645583
 1 800992 1 654397
 1 877837 1 634860
 1 836202 1 600653
 1 803719 1 688801
 1 812864 1 648497
 1 871038 1 632419
 1 848660 1 637062
 1 870340 1 608506
 1 839706 1 604004
 1 773106 1 587731
 1 838636 1 638170
 1 833424 1 637495
 1 803393 1 632114
 1 806771 1 696582
 1 837422 1 684164
 1 808230 1 615889
 1 839817 1 657140
 1 836065 1 643735
 1 832197 1 640740
 1 826449 1 642156
 1 864411 1 657059
 1 859075 1 596485
 1 821763 1 646463
 1 752624 1 684688
 1 761780 1 639502
 1 814196 1 638101
 1 837052 1 638157
 1 897135 1 678084
 1 839617 1 656945
 1 818902 1 650155
 1 840603 1 639421
 1 788208 1 596833
 1 830238 1 629304
 1 961248 1 667934
 1 821180 1 615439
 1 865014 1 601082
 1 812456 1 609760
 1 850548 1 639470
 1 846404 1 608400
 1 844405 1 710620
 1 834271 1 681372
 1 892746 1 564842
 1 832917 1 653009
 1 815156 1 643108
 1 862657 1 628917
 1 736311 1 562847
 1 836640 1 689624
 1 828915 1 641716
 1 827016 1 648159
 1 717529 1 589445
 1 828640 1 621078
 1 825800 1 639916
 1 867216 1 629792
 1 788063 1 640066
 1 804909 1 659876
 1 828224 1 658191
 1 865774 1 654156
 1 831381 1 628919
 1 831414 1 641690
 1 808631 1 648619
 1 789304 1 619247
 1 845460 1 690530
 1 836208 1 638514
 1 868895 1 604801
 1 808291 1 631630
 1 894943 1 635233
 1 864186 1 639299
 1 841314 1 705207
 1 623573 1 252933
 1 551501 1 163944
 1 542414 1 323445
 1 543918 1 261399
 1 569298 1 222324
 1 617516 1 155138
 1 492219 1 176220
 1 599902 1 344442
 1 595923 1 301961
 1 561290 1 237997
 1 557171 1 300772
 1 515461 1 280908
 1 593235 1 212579
 1 599791 1 239507
 1 604067 1 254704
 1 602097 1 293208
 1 528532 1 271983
 1 612097 1 204266
 1 539684 1 261404
 1 490360 1 160125
 1 624439 1 284325
 1 531766 1 227178
 1 564691 1 253901
 1 503485 1 225519
 1 582912 1 368192
 1 570399 1 302552
 1 554412 1 259217
 1 565947 1 253914
 1 544626 1 261639
 1 573542 1 228366
 1 589472 1 240707
 1 621853 1 235743
 1 583727 1 240847
 1 512999 1 279524
 1 590219 1 205918
 1 557291 1 235283
 1 562609 1 261858
 1 573223 1 256679
 1 577033 1 261125
 1 618685 1 246895
 1 563806 1 242703
 1 572797 1 264895
 1 537958 1 171180
 1 564558 1 251534
 1 578430 1 260413
 1 495770 1 314954
 1 551139 1 304558
 1 654533 1 234925
 1 574254 1 246150
 1 546542 1 224111
 1 560338 1 216298
 1 676848 1 196504
 1 562287 1 210155
 1 589172 1 296436
 1 600350 1 211786
 1 531053 1 241400
 1 528764 1 238969
 1 555973 1 241310
 1 543279 1 201456
 1 569679 1 227969
 1 486998 1 186575
 1 493599 1 274738
 1 526990 1 234634
 1 578346 1 257049
 1 579387 1 214941
 1 560117 1 210841
 1 629472 1 276224
 1 565964 1 245190
 1 527110 1 273244
 1 545421 1 190964
 1 560155 1 172391
 1 561378 1 248389
 1 652718 1 214098
 1 577674 1 230794
 1 564281 1 248028
 1 537828 1 245621
 1 559807 1 248525
 1 565040 1 265155
 1 559796 1 237778
 1 567364 1 284685
 1 641053 1 302784
 1 535370 1 222161
 1 491034 1 294190
 1 578789 1 227708
 1 493843 1 284614
 1 577923 1 208670
 1 601465 1 233213
 1 582776 1 232737
 1 597019 1 238045
 1 547708 1 261848
 1 517797 1 231794
 1 557925 1 315216
 1 547397 1 204912
 1 567028 1 240598
 1 573124 1 241739
 1 589736 1 306268
 1 568682 1 234935
 1 655580 1 263955
 1 479452 1 292158
 1 570515 1 250347
 1 558916 1 242376
 1 540452 1 314834
 1 647754 1 219941
 1 566630 1 249854
 1 542945 1 138182
 1 553960 1 261006
 1 569226 1 276648
 1 564946 1 247303
 1 580188 1 355722
 1 526519 1 171753
 1 587283 1 244407
 1 552210 1 250433
 1 611343 1 258279
 1 561853 1 312878
 1 584508 1 218932
 1 569499 1 258173
 1 596805 1 276457
 1 535593 1 143445
 1 541643 1 260772
 1 561550 1 249062
 1 486280 1 298784
 1 500130 1 217874
 1 581491 1 248451
 1 540572 1 254309
 1 587211 1 212643
 1 635603 1 258029
 1 571211 1 249486
 1 557092 1 237979
 1 608511 1 224883
 1 450541 1 268972
 1 662544 1 262982
 1 632742 1 204460
 1 668355 1 167208
 1 560443 1 253200
 1 511472 1 197858
 1 550115 1 259569
 1 515463 1 270311
 1 545539 1 195363
 1 590449 1 254253
 1 570787 1 246876
 1 628713 1 228930
 1 556580 1 229133
 1 593632 1 266999
 1 526382 1 240215
 1 461510 1 212553
 1 550952 1 216322
 1 644419 1 196985
 1 655814 1 200692
 1 576564 1 168998
 1 568570 1 254388
 1 544728 1 151536
 1 552544 1 258173
 1 582510 1 232791
 1 576350 1 289752
 1 595209 1 248589
 1 567870 1 284151
 1 509669 1 309353
 1 557305 1 245969
 1 543639 1 242836
 1 582187 1 245841
 1 561214 1 239273
 1 603094 1 315792
 1 572393 1 258106
 1 563936 1 163930
 1 627272 1 253882
 1 568248 1 211315
 1 454114 1 291335
 1 580020 1 185292
 1 542857 1 258775
 1 536737 1 275481
 1 604791 1 256206
 1 598596 1 199243
 1 536423 1 156254
 1 674097 1 262961
 1 532044 1 241957
 1 542553 1 222643
 1 538243 1 205298
 1 638901 1 233978
 1 513685 1 127049
 1 564828 1 185324
 1 569149 1 273951
 1 516087 1 229278
 1 640460 1 282399
 1 555527 1 227043
 1 490765 1 271309
 1 590339 1 151183
 1 606457 1 178066
 1 565975 1 287165
 1 579551 1 211325
 1 666462 1 219600
 1 571916 1 294434
 1 515494 1 253115
 1 578997 1 247283
 1 583084 1 269586
 1 569736 1 251512
 1 582050 1 243429
 1 637274 1 267038
 1 581758 1 242967
 1 497313 1 297574
 1 601745 1 230592
 1 564593 1 278352
 1 554695 1 250159
 1 619204 1 203719
 1 542873 1 281338
 1 565013 1 238020
 1 612309 1 248937
 1 629933 1 177081
 1 529425 1 255876
 1 601962 1 303111
 1 534272 1 194510
 1 607232 1 201813
 1 617934 1 213483
 1 559992 1 244251
 1 566515 1 247483
 1 581817 1 347897
 1 600735 1 234314
 1 564311 1 254362
 1 564132 1 239716
 1 561656 1 242624
 1 547473 1 262112
 1 509737 1 204519
 1 581769 1 191909
 1 539373 1 231216
 1 558473 1 234860
 1 459924 1 277087
 1 586499 1 197457
 1 586128 1 243241
 1 601985 1 250442
 1 515475 1 251181
 1 580859 1 243392
 1 577874 1 256023
 1 655529 1 240291
 1 553779 1 243274
 1 512392 1 202849
 1 581035 1 264175
 1 635019 1 226082
 1 618233 1 210833
 1 602261 1 221960
 1 584584 1 235919
 1 662479 1 223092
 1 616652 1 307558
 1 590474 1 215673
 1 561055 1 225512
 1 558663 1 250565
 1 595705 1 316516
 1 589593 1 241270
 1 564408 1 247897
 1 547925 1 232626
 1 525888 1 230875
 1 559240 1 240249
 1 570386 1 231491
 1 561177 1 247456
 1 562305 1 275914
 1 568231 1 233130
 1 526274 1 305191
 1 565846 1 244841
 1 564036 1 255414
 1 528877 1 273151
 1 574944 1 277533
 1 612380 1 276270
 1 591223 1 320663
 1 541329 1 196623
 1 577613 1 280332
 1 626744 1 239346
 1 582718 1 244124
 1 591505 1 233934
 1 551312 1 227570
 1 596206 1 224820
 1 580534 1 268471
 1 529314 1 224370
 1 593206 1 175998
 1 558061 1 254532
 1 613366 1 287092
 1 666984 1 183146
 1 565702 1 254553
 1 538772 1 246049
 1 563724 1 246984
 1 623575 1 196956
 1 500592 1 285439
 1 554520 1 251229
 1 573815 1 259122
 1 571703 1 282834
 1 547746 1 209518
 1 532663 1 169014
 1 542244 1 254907
 1 544774 1 237828
 1 548284 1 298188
 1 577315 1 265541
 1 553770 1 259089
 1 537145 1 284535
 1 648244 1 253375
 1 547437 1 230967
 1 603002 1 245119
 1 591147 1 239033
 1 539114 1 314805
 1 576311 1 252568
 1 545197 1 218960
 1 570793 1 227019
 1 672748 1 143913
 1 529094 1 226356
 1 589826 1 179519
 1 560758 1 250715
 1 561914 1 247616
 1 585992 1 242098
 1 458197 1 305419
 1 560666 1 209489
 1 588776 1 218486
 1 513517 1 230867
 1 546341 1 266740
 1 492744 1 288489
 1 503990 1 233888
 1 560394 1 218674
 1 595703 1 240879
 1 573398 1 194369
 1 551504 1 163718
 1 557729 1 241086
 1 604381 1 310175
 1 256910 1 767396
 1 216249 1 729239
 1 254116 1 748223
 1 200897 1 724520
 1 237599 1 737826
 1 256884 1 794543
 1 259353 1 675965
 1 231574 1 696781
 1 287834 1 722534
 1 350191 1 686690
 1 294847 1 707911
 1 268507 1 721783
 1 275228 1 692003
 1 263839 1 718176
 1 256048 1 743012
 1 171374 1 680720
 1 257301 1 742004
 1 246193 1 781969
 1 254996 1 718603
 1 267628 1 718046
 1 189013 1 722025
 1 250283 1 811050
 1 260461 1 743971
 1 307642 1 768800
 1 252078 1 721273
 1 243511 1 729025
 1 250998 1 756247
 1 305422 1 749954
 1 330971 1 748510
 1 301925 1 681732
 1 258289 1 747532
 1 218066 1 652984
 1 268582 1 750393
 1 309307 1 676449
 1 297392 1 837410
 1 212684 1 744675
 1 256364 1 741672
 1 260803 1 732103
 1 293378 1 730822
 1 242768 1 720008
 1 275500 1 729880
 1 265037 1 605686
 1 241019 1 755172
 1 191241 1 788512
 1 255886 1 727572
 1 315723 1 708334
 1 234688 1 718141
 1 205548 1 820577
 1 210438 1 672028
 1 268715 1 766646
 1 212151 1 726042
 1 299298 1 716848
 1 391506 1 745793
 1 265410 1 761230
 1 380778 1 761351
 1 301915 1 642007
 1 288109 1 751211
 1 221650 1 852250
 1 203861 1 729571
 1 258191 1 719517
 1 276360 1 722572
 1 250153 1 705149
 1 225440 1 777239
 1 263300 1 708862
 1 209638 1 779903
 1 265687 1 728957
 1 219148 1 671608
 1 202313 1 803556
 1 260246 1 744148
 1 353731 1 733108
 1 361882 1 664820
 1 258354 1 712117
 1 344580 1 833937
 1 241344 1 757443
 1 286128 1 759627
 1 255492 1 699125
 1 246953 1 837747
 1 281449 1 742170
 1 244978 1 741020
 1 281490 1 707769
 1 318257 1 689616
 1 318320 1 785356
 1 267996 1 752791
 1 252398 1 735342
 1 169076 1 696994
 1 287127 1 769241
 1 251773 1 743313
 1 233154 1 798301
 1 289447 1 672315
 1 220236 1 696190
 1 180062 1 750026
 1 267928 1 721904
 1 315014 1 732821
 1 253678 1 781616
 1 249508 1 730021
 1 244713 1 684484
 1 213416 1 797429
 1 338623 1 688123
 1 272708 1 722671
 1 269722 1 735862
 1 265363 1 749935
 1 216910 1 714147
 1 211879 1 702740
 1 248415 1 734706
 1 281381 1 747219
 1 258514 1 721192
 1 240833 1 764794
 1 337516 1 771698
 1 211181 1 778052
 1 256102 1 748634
 1 231591 1 738461
 1 216906 1 697611
 1 308119 1 778435
 1 170563 1 774573
 1 235525 1 775028
 1 242177 1 789274
 1 231394 1 726782
 1 240546 1 720697
 1 242380 1 733130
 1 244510 1 760474
 1 252049 1 733991
 1 293158 1 788965
 1 258335 1 744541
 1 229258 1 799732
 1 318118 1 765932
 1 350824 1 788594
 1 269541 1 749416
 1 257595 1 742375
 1 218404 1 783360
 1 250965 1 638991
 1 271398 1 705520
 1 309785 1 740209
 1 293513 1 791559
 1 255953 1 744136
 1 270778 1 747623
 1 229246 1 721150
 1 182210 1 807220
 1 227734 1 741386
 1 297763 1 743676
 1 237737 1 729221
 1 243262 1 738194
 1 266271 1 753501
 1 224714 1 721683
 1 257321 1 743788
 1 245789 1 757434
 1 253157 1 736045
 1 117874 1 815348
 1 241709 1 731571
 1 347019 1 718343
 1 263035 1 735230
 1 247280 1 711237
 1 250639 1 741372
 1 247362 1 733488
 1 211789 1 695992
 1 216664 1 677522
 1 256255 1 743704
 1 237847 1 719301
 1 213313 1 735806
 1 250379 1 742917
 1 328400 1 743070
 1 241569 1 734125
 1 253541 1 764473
 1 269306 1 729730
 1 293363 1 724986
 1 271138 1 732683
 1 213034 1 772279
 1 251371 1 786651
 1 259065 1 724720
 1 253804 1 742542
 1 241020 1 760596
 1 274995 1 777238
 1 261209 1 724973
 1 222553 1 726944
 1 235047 1 746106
 1 215758 1 708145
 1 249252 1 741243
 1 276918 1 720893
 1 257503 1 742328
 1 270830 1 751681
 1 254122 1 745421
 1 244908 1 754298
 1 344753 1 787896
 1 289445 1 688489
 1 255205 1 736797
 1 281555 1 721941
 1 330430 1 771436
 1 253457 1 777579
 1 233496 1 791806
 1 189684 1 691186
 1 266413 1 660875
 1 243837 1 733540
 1 293505 1 803362
 1 260303 1 727526
 1 243491 1 728002
 1 171693 1 721563
 1 202123 1 744156
 1 267285 1 728779
 1 157834 1 661485
 1 298443 1 770760
 1 335331 1 818733
 1 219609 1 734441
 1 347306 1 800979
 1 287334 1 659858
 1 239976 1 833889
 1 224951 1 722765
 1 303315 1 750320
 1 254814 1 747030
 1 269950 1 727076
 1 260040 1 745439
 1 280473 1 744377
 1 244639 1 720142
 1 256956 1 740965
 1 222004 1 807032
 1 249361 1 748518
 1 311037 1 756570
 1 247122 1 715890
 1 208069 1 655656
 1 257453 1 742650
 1 257325 1 742328
 1 253267 1 789824
 1 307281 1 762811
 1 310424 1 718333
 1 255453 1 741923
 1 278992 1 757790
 1 163957 1 733702
 1 267246 1 751982
 1 301060 1 715198
 1 212056 1 766472
 1 259723 1 732917
 1 281780 1 775943
 1 250805 1 726946
 1 241156 1 739481
 1 187608 1 800179
 1 251058 1 735027
 1 292595 1 740904
 1 272074 1 712177
 1 231261 1 786917
 1 281000 1 740511
 1 275058 1 713887
 1 321560 1 731068
 1 283915 1 688755
 1 232840 1 738833
 1 337958 1 798963
 1 337046 1 820641
 1 276394 1 761048
 1 251347 1 670435
 1 271702 1 753973
 1 162224 1 685200
 1 257677 1 719150
 1 260318 1 711621
 1 186264 1 695907
 1 258174 1 755159
 1 242709 1 757686
 1 257254 1 743080
 1 254983 1 731658
 1 265273 1 716721
 1 237449 1 785652
 1 168596 1 748879
 1 238834 1 696831
 1 263109 1 743333
 1 279676 1 809670
 1 171747 1 777579
 1 208417 1 813898
 1 216564 1 723064
 1 242195 1 689224
 1 253534 1 741025
 1 290176 1 781215
 1 309158 1 699191
 1 310940 1 711293
 1 265486 1 702190
 1 260419 1 741212
 1 309129 1 744956
 1 331240 1 717418
 1 226170 1 738339
 1 190767 1 706219
 1 264262 1 737376
 1 318816 1 748314
 1 403394 1 777748
 1 133737 1 819023
 1 262522 1 730690
 1 322898 1 707331
 1 267179 1 761430
 1 309043 1 753241
 1 240893 1 734383
 1 259566 1 727891
 1 274552 1 718547
 1 281005 1 717468
 1 249734 1 767527
 1 285301 1 711712
 1 269005 1 750467
 1 155283 1 721118
 1 276869 1 731039
 1 267975 1 745703
 1 230459 1 815042
 1 235700 1 742331
 1 284567 1 716939
 1 238601 1 769529
 1 217170 1 824498
 1 343775 1 713900
 1 248775 1 743006
 1 322803 1 656606
 1 275390 1 840694
 1 270819 1 619081
 1 257784 1 742285
 1 262725 1 748061
 1 299229 1 739252
 1 258131 1 750011
 1 356321 1 721316
 1 260631 1 685446
 1 324355 1 769115
 1 262464 1 745474
 1 293755 1 724434
 1 276333 1 734671
 1 246185 1 768526
 1 271427 1 759785
 1 581344 1 385622
 1 487508 1 410130
 1 531520 1 470380
 1 542398 1 407349
 1 535553 1 401850
 1 574340 1 386342
 1 489563 1 423442
 1 561517 1 424497
 1 548471 1 363521
 1 551619 1 407865
 1 535637 1 416695
 1 625861 1 446966
 1 512721 1 297462
 1 485787 1 451234
 1 545177 1 449711
 1 557549 1 430186
 1 450504 1 489695
 1 556721 1 406275
 1 596886 1 406323
 1 552270 1 452067
 1 598696 1 426412
 1 553121 1 424941
 1 585213 1 507300
 1 546923 1 447205
 1 524864 1 524465
 1 614862 1 474016
 1 472136 1 522566
 1 548741 1 424433
 1 579708 1 389172
 1 546195 1 435981
 1 473518 1 431029
 1 565818 1 441463
 1 528421 1 449609
 1 627970 1 406198
 1 492513 1 376096
 1 506194 1 412830
 1 585921 1 420969
 1 500095 1 384331
 1 606741 1 433003
 1 588823 1 391287
 1 550666 1 358776
 1 580102 1 421291
 1 540689 1 483370
 1 531336 1 427371
 1 560929 1 488831
 1 528839 1 404605
 1 587670 1 454726
 1 550071 1 432907
 1 545251 1 423126
 1 517722 1 389497
 1 487466 1 404035
 1 534359 1 410864
 1 573525 1 363494
 1 469597 1 469641
 1 444203 1 433426
 1 530126 1 482570
 1 497364 1 497954
 1 539380 1 452369
 1 550207 1 427844
 1 541436 1 463443
 1 555566 1 402931
 1 621264 1 430161
 1 606519 1 426672
 1 556325 1 411879
 1 565035 1 407936
 1 477578 1 283202
 1 637561 1 412198
 1 494817 1 482837
 1 583750 1 440376
 1 619302 1 407243
 1 539353 1 414700
 1 491238 1 477838
 1 559644 1 393877
 1 551841 1 449208
 1 543185 1 449059
 1 557232 1 385801
 1 542717 1 485269
 1 628617 1 470383
 1 546433 1 433425
 1 656928 1 427142
 1 575225 1 471361
 1 540883 1 388547
 1 536902 1 487971
 1 669372 1 510729
 1 579813 1 431520
 1 638490 1 472369
 1 521733 1 288196
 1 474946 1 400305
 1 492108 1 415357
 1 647843 1 471024
 1 509727 1 402091
 1 557993 1 414488
 1 540956 1 440807
 1 539226 1 362911
 1 561535 1 422869
 1 532490 1 498388
 1 555321 1 411402
 1 502666 1 515079
 1 448308 1 360032
 1 605747 1 523813
 1 546080 1 441878
 1 594739 1 460997
 1 550615 1 457350
 1 552271 1 443264
 1 603175 1 429360
 1 551098 1 430693
 1 538746 1 399264
 1 500554 1 486108
 1 567652 1 460477
 1 670761 1 411963
 1 475690 1 420212
 1 555815 1 431564
 1 544504 1 435105
 1 559698 1 403757
 1 540029 1 431108
 1 550599 1 427512
 1 523731 1 404747
 1 552614 1 405698
 1 569819 1 389830
 1 437468 1 449261
 1 561322 1 473181
 1 547467 1 428249
 1 575789 1 337136
 1 552519 1 443109
 1 626243 1 434835
 1 549505 1 426514
 1 492240 1 539242
 1 560227 1 441363
 1 561030 1 439050
 1 498433 1 386501
 1 571566 1 348938
 1 531484 1 418681
 1 571064 1 421038
 1 511578 1 477934
 1 614768 1 433212
 1 575159 1 355952
 1 546882 1 491538
 1 658249 1 458851
 1 544860 1 415900
 1 563645 1 483100
 1 509113 1 433214
 1 599399 1 491415
 1 546863 1 446509
 1 527044 1 345316
 1 588577 1 360468
 1 559409 1 434055
 1 596283 1 479036
 1 499436 1 442899
 1 613978 1 292982
 1 456190 1 480028
 1 519097 1 500369
 1 595184 1 437458
 1 525481 1 408507
 1 510267 1 426949
 1 547148 1 435677
 1 513319 1 442815
 1 587173 1 449183
 1 549320 1 462207
 1 561429 1 432347
 1 491552 1 413594
 1 495264 1 466224
 1 579463 1 437384
 1 535151 1 429278
 1 538697 1 483333
 1 511036 1 447734
 1 594360 1 367824
 1 536563 1 392008
 1 560500 1 439267
 1 490871 1 511719
 1 528328 1 432436
 1 565144 1 416025
 1 525461 1 390918
 1 546371 1 432422
 1 538782 1 473082
 1 611712 1 395925
 1 484168 1 387405
 1 551526 1 457442
 1 489505 1 420072
 1 600738 1 463163
 1 589889 1 475739
 1 514225 1 536816
 1 578615 1 447581
 1 553817 1 402394
 1 461670 1 393552
 1 597719 1 429710
 1 505651 1 444909
 1 516034 1 402424
 1 546287 1 438245
 1 596539 1 376915
 1 554524 1 405520
 1 568522 1 412767
 1 589979 1 394610
 1 517816 1 430769
 1 566260 1 366100
 1 599365 1 369570
 1 437196 1 403295
 1 475065 1 455494
 1 562697 1 439867
 1 474287 1 414463
 1 517042 1 433320
 1 526568 1 428022
 1 539611 1 398504
 1 569808 1 385206
 1 539631 1 417731
 1 536056 1 433013
 1 550433 1 455366
 1 499380 1 378456
 1 556204 1 478664
 1 563430 1 421182
 1 545045 1 424260
 1 553634 1 447321
 1 535370 1 426421
 1 562541 1 424860
 1 613299 1 443903
 1 542295 1 448653
 1 514456 1 471271
 1 511573 1 356527
 1 511377 1 447729
 1 479144 1 530599
 1 537444 1 434463
 1 538071 1 476262
 1 561644 1 437142
 1 541794 1 440513
 1 574696 1 453097
 1 535114 1 427111
 1 568190 1 462684
 1 551346 1 418392
 1 570220 1 437495
 1 496768 1 392238
 1 603715 1 446602
 1 562761 1 451747
 1 591406 1 478984
 1 567287 1 446702
 1 503884 1 445231
 1 488808 1 432042
 1 590610 1 363074
 1 502713 1 461159
 1 537914 1 440074
 1 541156 1 470641
 1 545384 1 440024
 1 546724 1 436025
 1 553439 1 391197
 1 459376 1 417560
 1 543882 1 433069
 1 541775 1 426833
 1 587665 1 442146
 1 546781 1 435921
 1 649819 1 402618
 1 589886 1 417783
 1 555177 1 411731
 1 545799 1 434875
 1 537358 1 433500
 1 474403 1 396993
 1 614391 1 432060
 1 525885 1 408633
 1 540590 1 500716
 1 539864 1 439369
 1 517804 1 430120
 1 615324 1 459379
 1 604153 1 425325
 1 538145 1 455848
 1 540472 1 433652
 1 534566 1 419446
 1 489749 1 431702
 1 554344 1 507754
 1 536341 1 503208
 1 535188 1 533997
 1 544385 1 417589
 1 551464 1 437752
 1 539973 1 435022
 1 528431 1 548215
 1 562797 1 537421
 1 508043 1 396501
 1 544049 1 438662
 1 518755 1 455241
 1 543510 1 406511
 1 465992 1 427732
 1 497761 1 545339
 1 503305 1 541419
 1 546148 1 439859
 1 544848 1 453980
 1 530976 1 510400
 1 476036 1 495210
 1 511620 1 442106
 1 549513 1 426946
 1 546765 1 437681
 1 635196 1 471927
 1 490878 1 419594
 1 587238 1 408202
 1 518503 1 427052
 1 533823 1 438128
 1 550848 1 429297
 1 555081 1 374919
 1 589141 1 508464
 1 502737 1 414379
 1 506686 1 362499
 1 548132 1 443869
 1 491170 1 526141
 1 561259 1 555874
 1 537607 1 467331
 1 528819 1 423088
 1 552075 1 458191
 1 488078 1 386485
 1 477080 1 439728
 1 553909 1 418551
 1 639407 1 453570
 1 546029 1 436971
 1 575548 1 403760
 1 540998 1 509845
 1 497663 1 411215
 1 550114 1 413363
 1 536199 1 410166
 1 593205 1 453290
 1 605722 1 365131
 1 549184 1 442333
 1 523254 1 437878
 1 535947 1 444924
 1 539919 1 458163
 1 572815 1 413163
 1 510224 1 508938
 1 793712 1 253869
 1 824235 1 182393
 1 761457 1 262653
 1 794985 1 311076
 1 779569 1 150623
 1 810617 1 247422
 1 855489 1 211373
 1 849254 1 283112
 1 808784 1 242254
 1 791155 1 234010
 1 809656 1 243885
 1 808163 1 241795
 1 767028 1 226008
 1 823630 1 251398
 1 782172 1 210780
 1 854342 1 282373
 1 842713 1 245312
 1 856465 1 252408
 1 822556 1 275760
 1 853014 1 268530
 1 815736 1 251749
 1 796737 1 235100
 1 734201 1 239635
 1 792133 1 192616
 1 807811 1 241810
 1 808336 1 241768
 1 840286 1 227016
 1 782953 1 207370
 1 876441 1 180658
 1 862557 1 237489
 1 805067 1 246062
 1 747163 1 257973
 1 860400 1 304313
 1 838811 1 224435
 1 765391 1 238154
 1 909774 1 177017
 1 805219 1 243830
 1 871274 1 195811
 1 809012 1 229132
 1 841925 1 346604
 1 808083 1 222905
 1 812151 1 245409
 1 800231 1 232016
 1 796530 1 215743
 1 756887 1 266465
 1 735435 1 285672
 1 837660 1 211926
 1 913662 1 134920
 1 749321 1 200484
 1 794629 1 248741
 1 804405 1 244473
 1 802111 1 214682
 1 807493 1 241644
 1 757011 1 220524
 1 733684 1 216569
 1 813657 1 150704
 1 813354 1 273784
 1 832128 1 271389
 1 766957 1 220939
 1 811077 1 267030
 1 806127 1 239206
 1 802856 1 239801
 1 797349 1 262013
 1 789086 1 256113
 1 870334 1 259442
 1 786819 1 217596
 1 724693 1 300946
 1 802289 1 237945
 1 745416 1 198118
 1 805167 1 195569
 1 804876 1 233484
 1 811122 1 234227
 1 746115 1 174758
 1 808918 1 240673
 1 783113 1 249571
 1 779407 1 216656
 1 795765 1 205593
 1 808909 1 244561
 1 793721 1 273544
 1 838678 1 285533
 1 816382 1 241539
 1 762228 1 170036
 1 785728 1 198547
 1 831392 1 233281
 1 852354 1 351771
 1 754394 1 188386
 1 833141 1 244991
 1 813108 1 245893
 1 796846 1 214589
 1 809373 1 167754
 1 766881 1 246119
 1 857835 1 179609
 1 807956 1 241772
 1 725843 1 266365
 1 782383 1 273638
 1 867714 1 178320
 1 819132 1 336025
 1 805575 1 259205
 1 776270 1 342297
 1 743869 1 285111
 1 806545 1 242423
 1 803229 1 246622
 1 826119 1 273742
 1 883855 1 276227
 1 872437 1 199366
 1 806010 1 253932
 1 885710 1 207920
 1 729156 1 251369
 1 755167 1 224395
 1 864001 1 143590
 1 778476 1 260039
 1 837897 1 231719
 1 806903 1 239418
 1 806003 1 241718
 1 766740 1 264258
 1 833070 1 262092
 1 788701 1 281634
 1 806172 1 256966
 1 801115 1 280568
 1 808036 1 251643
 1 808170 1 221769
 1 817749 1 245231
 1 803097 1 213517
 1 848376 1 221062
 1 801185 1 253763
 1 802481 1 245334
 1 806501 1 245656
 1 811051 1 233169
 1 794362 1 240626
 1 798852 1 242607
 1 835229 1 231967
 1 825468 1 252748
 1 860649 1 139962
 1 867303 1 312028
 1 827932 1 235274
 1 812413 1 250382
 1 783222 1 233377
 1 788340 1 235197
 1 828604 1 274972
 1 791483 1 203193
 1 815370 1 332003
 1 813230 1 241626
 1 837268 1 233956
 1 893118 1 141854
 1 891639 1 222727
 1 736002 1 275702
 1 727552 1 253350
 1 843731 1 255903
 1 851033 1 199614
 1 882714 1 199375
 1 786460 1 286314
 1 888806 1 185365
 1 758373 1 213773
 1 779551 1 283553
 1 774858 1 229972
 1 776245 1 193642
 1 799209 1 214049
 1 838295 1 205014
 1 843948 1 359339
 1 744947 1 233071
 1 809004 1 239858
 1 838840 1 290309
 1 863682 1 210058
 1 746395 1 338046
 1 761539 1 305396
 1 807424 1 243082
 1 848407 1 200373
 1 809929 1 244528
 1 819272 1 251346
 1 808243 1 245479
 1 709033 1 331978
 1 832767 1 240604
 1 818255 1 220116
 1 830163 1 216187
 1 811557 1 257847
 1 836277 1 272560
 1 869697 1 240782
 1 786991 1 226933
 1 847635 1 233364
 1 777123 1 255131
 1 794074 1 280755
 1 798365 1 261221
 1 792217 1 324106
 1 877409 1 279311
 1 836796 1 283381
 1 810776 1 255655
 1 797840 1 227260
 1 805699 1 244328
 1 822415 1 228782
 1 854434 1 182273
 1 808472 1 241370
 1 854078 1 216536
 1 776876 1 210752
 1 801580 1 233127
 1 804306 1 232302
 1 798674 1 182094
 1 830283 1 261867
 1 850261 1 182406
 1 833903 1 222088
 1 828641 1 216117
 1 798745 1 216888
 1 817239 1 280192
 1 845443 1 205967
 1 801965 1 207790
 1 777245 1 282920
 1 785719 1 212629
 1 784197 1 196482
 1 875397 1 193513
 1 803909 1 143451
 1 760109 1 274439
 1 825397 1 225267
 1 827196 1 230652
 1 833920 1 273791
 1 802930 1 232758
 1 761357 1 240327
 1 787830 1 198769
 1 800784 1 277894
 1 795091 1 246317
 1 789940 1 178354
 1 849885 1 226831
 1 844844 1 217626
 1 810720 1 231120
 1 777952 1 227175
 1 796301 1 253068
 1 836069 1 211456
 1 725662 1 243972
 1 821905 1 288624
 1 750750 1 213230
 1 867380 1 208671
 1 812709 1 248657
 1 770611 1 157778
 1 839690 1 166947
 1 811742 1 247347
 1 738001 1 235064
 1 765796 1 239017
 1 818500 1 263988
 1 856957 1 152113
 1 817541 1 128934
 1 896024 1 206022
 1 771206 1 278182
 1 731083 1 257941
 1 761600 1 171345
 1 825399 1 236897
 1 793786 1 240794
 1 804054 1 228959
 1 815671 1 220031
 1 817824 1 255477
 1 792697 1 226642
 1 772549 1 239088
 1 819347 1 262933
 1 818044 1 241088
 1 804961 1 254767
 1 770604 1 331322
 1 862313 1 195068
 1 793309 1 245111
 1 764197 1 149751
 1 771625 1 309015
 1 762995 1 137958
 1 801340 1 166195
 1 802692 1 248240
 1 799085 1 326294
 1 839602 1 141486
 1 806206 1 242953
 1 848656 1 242083
 1 814206 1 234837
 1 795132 1 261826
 1 809504 1 231713
 1 726964 1 244068
 1 797907 1 236008
 1 835193 1 255264
 1 784965 1 230062
 1 783617 1 262452
 1 874769 1 237445
 1 790023 1 162623
 1 869977 1 217315
 1 816583 1 285646
 1 819014 1 178971
 1 806564 1 228611
 1 776929 1 175876
 1 820114 1 241824
 1 809270 1 235480
 1 850080 1 301694
 1 775576 1 214729
 1 762220 1 201489
 1 787634 1 208637
 1 837705 1 183892
 1 743486 1 210190
 1 833976 1 214186
 1 750510 1 324130
 1 812921 1 256262
 1 874372 1 191594
 1 868167 1 228347
 1 815605 1 239519
 1 836059 1 221012
 1 856835 1 289341
 1 823141 1 203497
 1 806678 1 241501
 1 759976 1 283246
 1 803022 1 245592
 1 765715 1 281157
 1 823326 1 281490
 1 808523 1 242120
 1 808833 1 241692
 1 810615 1 244983
 1 834180 1 195070
 1 804550 1 222538
 1 809651 1 243502
 1 833713 1 231141
 1 760374 1 144848
 1 782321 1 250893
 1 816153 1 243422
 1 817075 1 249226
 1 831422 1 194245
 1 849016 1 229923
 1 819357 1 236228
 1 830726 1 223022
 1 809043 1 241386
 1 841856 1 249538
 1 860654 1 303649
 1 822417 1 228001
 1 762257 1 204672
 1 447100 1 578447
 1 435369 1 600655
 1 450681 1 614019
 1 446408 1 617816
 1 458825 1 608028
 1 437246 1 626679
 1 454357 1 627922
 1 472602 1 547751
 1 446070 1 660584
 1 436173 1 596885
 1 427674 1 649409
 1 429283 1 696036
 1 443685 1 556528
 1 459542 1 604591
 1 432232 1 612326
 1 441101 1 632597
 1 434308 1 622475
 1 451267 1 521677
 1 440009 1 607204
 1 452407 1 650191
 1 439403 1 647691
 1 443034 1 608016
 1 444433 1 600811
 1 454532 1 645000
 1 424823 1 632310
 1 440107 1 607385
 1 451719 1 596564
 1 443376 1 615484
 1 445431 1 608977
 1 444904 1 608335
 1 440573 1 587754
 1 420214 1 670760
 1 435259 1 600545
 1 452350 1 614438
 1 462959 1 604618
 1 437911 1 580427
 1 438421 1 597731
 1 448067 1 624888
 1 444800 1 611906
 1 437290 1 592669
 1 435894 1 584536
 1 407185 1 725388
 1 452789 1 601477
 1 444481 1 611260
 1 431354 1 637354
 1 430530 1 606861
 1 443303 1 611108
 1 445232 1 613051
 1 404544 1 731122
 1 429547 1 618065
 1 443000 1 608074
 1 435259 1 597598
 1 443703 1 660042
 1 427786 1 615834
 1 459700 1 534846
 1 452060 1 618631
 1 442216 1 648286
 1 462253 1 537194
 1 438157 1 612420
 1 427937 1 624218
 1 439556 1 639152
 1 451591 1 614155
 1 444028 1 612568
 1 447920 1 560215
 1 451407 1 613075
 1 441417 1 591083
 1 437912 1 608595
 1 442093 1 606830
 1 431324 1 619224
 1 452444 1 572715
 1 435969 1 661051
 1 443881 1 624977
 1 444942 1 615911
 1 442766 1 614279
 1 429488 1 612140
 1 432383 1 651805
 1 456268 1 606299
 1 446119 1 601343
 1 457620 1 595627
 1 455587 1 621993
 1 449467 1 594608
 1 484292 1 484470
 1 442884 1 634567
 1 454183 1 557625
 1 446602 1 609863
 1 447314 1 660847
 1 444661 1 611980
 1 449484 1 620119
 1 460069 1 601972
 1 443667 1 610462
 1 429709 1 610420
 1 432770 1 626516
 1 465949 1 562223
 1 454289 1 596414
 1 454280 1 559579
 1 438734 1 570107
 1 427073 1 632543
 1 427633 1 671587
 1 435182 1 619799
 1 455398 1 637265
 1 439176 1 594910
 1 430654 1 624767
 1 442973 1 609902
 1 446490 1 615129
 1 457700 1 581592
 1 436458 1 684903
 1 439176 1 608167
 1 444716 1 611868
 1 432474 1 624072
 1 488115 1 469542
 1 460814 1 598923
 1 440610 1 616231
 1 444957 1 611326
 1 451341 1 621998
 1 445433 1 600419
 1 453151 1 609498
 1 447397 1 603115
 1 435903 1 607885
 1 461734 1 555207
 1 445257 1 622466
 1 440588 1 612912
 1 433033 1 596889
 1 455143 1 610900
 1 440304 1 609973
 1 445410 1 611847
 1 443089 1 599479
 1 441386 1 593318
 1 439642 1 618354
 1 437908 1 613112
 1 441050 1 601420
 1 444301 1 603484
 1 453398 1 598101
 1 465954 1 589137
 1 433377 1 611151
 1 458454 1 615360
 1 435929 1 617842
 1 421163 1 659446
 1 444871 1 618411
 1 450314 1 633443
 1 439463 1 599626
 1 448441 1 609380
 1 476283 1 464782
 1 479558 1 478960
 1 458830 1 569403
 1 447284 1 614788
 1 453260 1 604938
 1 448654 1 619238
 1 451594 1 607751
 1 455084 1 577509
 1 460103 1 537011
 1 431669 1 612443
 1 441182 1 595293
 1 440135 1 646871
 1 462743 1 607252
 1 433777 1 658240
 1 449852 1 588780
 1 447370 1 572513
 1 446663 1 665376
 1 453116 1 618005
 1 443435 1 574546
 1 432211 1 640079
 1 445068 1 585477
 1 445275 1 610456
 1 437400 1 589213
 1 451402 1 606954
 1 442169 1 606218
 1 454191 1 645997
 1 436337 1 595330
 1 441697 1 647732
 1 438007 1 605764
 1 463609 1 594447
 1 454851 1 622054
 1 457673 1 601276
 1 448431 1 652248
 1 409604 1 719216
 1 450238 1 522433
 1 467528 1 527093
 1 460222 1 611610
 1 447791 1 590725
 1 423351 1 683613
 1 451508 1 619873
 1 458908 1 601967
 1 447797 1 546020
 1 431542 1 625990
 1 422092 1 641107
 1 447028 1 613881
 1 450049 1 619865
 1 447016 1 561170
 1 448043 1 593794
 1 439602 1 621588
 1 448315 1 608918
 1 435287 1 618215
 1 457799 1 531754
 1 449352 1 662964
 1 448601 1 619650
 1 426524 1 626797
 1 432586 1 619808
 1 445966 1 677989
 1 443815 1 614792
 1 434851 1 666009
 1 454453 1 601665
 1 453894 1 590031
 1 452896 1 612311
 1 430612 1 606441
 1 455847 1 628630
 1 442111 1 607639
 1 437259 1 607669
 1 446497 1 614809
 1 419102 1 657777
 1 445558 1 608647
 1 449157 1 606166
 1 450585 1 629141
 1 451192 1 645577
 1 466810 1 585085
 1 410728 1 703979
 1 463350 1 513874
 1 452016 1 618875
 1 455258 1 619604
 1 441151 1 624453
 1 426596 1 668966
 1 431234 1 715466
 1 449808 1 623716
 1 452325 1 582322
 1 438918 1 619134
 1 430219 1 697004
 1 421865 1 680145
 1 448273 1 610829
 1 439431 1 589794
 1 441640 1 557306
 1 445421 1 611266
 1 417525 1 730640
 1 463173 1 567989
 1 436106 1 602036
 1 446833 1 618978
 1 451552 1 593032
 1 447928 1 606070
 1 443714 1 630494
 1 432886 1 615881
 1 435784 1 630866
 1 444646 1 611399
 1 437055 1 626421
 1 445625 1 604103
 1 443295 1 608421
 1 458798 1 606668
 1 456815 1 601069
 1 445849 1 618695
 1 435738 1 597721
 1 444166 1 604960
 1 444654 1 611294
 1 446989 1 611213
 1 443394 1 600502
 1 444258 1 609593
 1 447378 1 614919
 1 442751 1 637825
 1 441698 1 599768
 1 449888 1 537655
 1 441842 1 568237
 1 439549 1 635233
 1 430760 1 623698
 1 441395 1 627766
 1 442693 1 651800
 1 453303 1 602495
 1 414615 1 681241
 1 448826 1 537561
 1 449198 1 571244
 1 454814 1 638844
 1 447191 1 614648
 1 440342 1 640970
 1 433360 1 610138
 1 445370 1 607679
 1 445975 1 613913
 1 430262 1 612441
 1 440026 1 605811
 1 444154 1 614500
 1 440323 1 609745
 1 460254 1 614964
 1 444577 1 563762
 1 459997 1 607534
 1 428680 1 639406
 1 444738 1 611875
 1 444980 1 611522
 1 458310 1 547878
 1 438169 1 621102
 1 434019 1 616578
 1 410144 1 740535
 1 449172 1 600937
 1 435811 1 641521
 1 464456 1 493206
 1 443959 1 598236
 1 456121 1 574226
 1 419611 1 661423
 1 440645 1 592763
 1 447921 1 606239
 1 460039 1 605406
 1 450032 1 538394
 1 444664 1 674374
 1 455235 1 607006
 1 440869 1 641767
 1 436562 1 591307
 1 457839 1 604606
 1 438862 1 612483
 1 446792 1 622224
 1 432748 1 681751
 1 458338 1 602245
 1 442587 1 550292
 1 440230 1 613281
 1 435171 1 615060
 1 435961 1 621895
 1 440263 1 597790
 1 435502 1 608309
 1 448529 1 624596
 1 445563 1 607178
 1 447221 1 603897
 1 434199 1 615311
 1 442585 1 606098
 1 438100 1 647695
 1 431219 1 622664
 1 466686 1 564414
 1 427888 1 612137
 1 414871 1 690586
 1 463011 1 595165
 1 434131 1 629601
 1 458400 1 596749
 1 445690 1 614204
 1 435454 1 582389
 1 445342 1 612352
 1 461991 1 549808
 1 448311 1 603242
 1 450265 1 621323
 1 818219 1 458739
 1 744672 1 487943
 1 785537 1 466675
 1 743636 1 471281
 1 721661 1 472652
 1 811687 1 518457
 1 760680 1 472076
 1 667308 1 499492
 1 766891 1 499298
 1 744754 1 395698
 1 745417 1 531869
 1 735299 1 489289
 1 798153 1 453443
 1 677507 1 492264
 1 777922 1 503642
 1 758367 1 480084
 1 701688 1 536794
 1 691947 1 542928
 1 700622 1 405473
 1 715550 1 491875
 1 712286 1 485779
 1 804251 1 449725
 1 768116 1 501273
 1 745392 1 490092
 1 760154 1 465762
 1 739491 1 465044
 1 779578 1 465354
 1 740221 1 488781
 1 727117 1 496485
 1 696679 1 509407
 1 825530 1 459159
 1 741447 1 490496
 1 661797 1 479217
 1 718768 1 455594
 1 748297 1 514711
 1 771552 1 478145
 1 742585 1 490760
 1 753689 1 466700
 1 766195 1 525851
 1 775493 1 482993
 1 696197 1 438238
 1 739452 1 553002
 1 768513 1 393439
 1 657515 1 479703
 1 808800 1 435369
 1 745501 1 490810
 1 715169 1 485793
 1 744998 1 491614
 1 782056 1 538516
 1 718647 1 424172
 1 764609 1 489583
 1 763534 1 501405
 1 746579 1 511998
 1 785199 1 496523
 1 739771 1 507383
 1 745690 1 489349
 1 766343 1 470788
 1 765406 1 482869
 1 745458 1 491697
 1 749939 1 486902
 1 731377 1 498220
 1 771727 1 481735
 1 737591 1 465673
 1 752795 1 492722
 1 740259 1 516438
 1 757130 1 489186
 1 754784 1 486474
 1 701301 1 485544
 1 766959 1 499957
 1 756304 1 489736
 1 789720 1 518559
 1 745921 1 565171
 1 746925 1 503747
 1 775990 1 473484
 1 757951 1 459274
 1 717757 1 502933
 1 739644 1 492615
 1 685813 1 420491
 1 749620 1 446114
 1 751490 1 503108
 1 780624 1 523562
 1 764556 1 501749
 1 714111 1 509663
 1 651301 1 477080
 1 748808 1 506234
 1 743071 1 496017
 1 839170 1 510675
 1 737277 1 494037
 1 730517 1 494716
 1 781105 1 493570
 1 723443 1 496326
 1 727728 1 486854
 1 738050 1 503128
 1 751827 1 506545
 1 744128 1 491509
 1 740862 1 482333
 1 769904 1 494189
 1 680187 1 465189
 1 764305 1 518728
 1 740262 1 454955
 1 705432 1 514922
 1 721349 1 461213
 1 753995 1 491831
 1 777463 1 500299
 1 751796 1 445457
 1 787906 1 558654
 1 745454 1 488276
 1 737826 1 491074
 1 745033 1 491606
 1 737370 1 495925
 1 679889 1 493203
 1 739253 1 483120
 1 725641 1 530996
 1 744128 1 537362
 1 699536 1 450629
 1 725081 1 485892
 1 755578 1 395916
 1 755920 1 505968
 1 698637 1 479409
 1 728129 1 500290
 1 765069 1 395708
 1 685690 1 459731
 1 751359 1 489325
 1 691104 1 470705
 1 740118 1 531723
 1 785655 1 508844
 1 741888 1 484144
 1 746713 1 501892
 1 781871 1 480793
 1 789905 1 516728
 1 762190 1 469655
 1 652041 1 437907
 1 721998 1 450358
 1 771567 1 443784
 1 786637 1 449043
 1 780565 1 507134
 1 720719 1 478954
 1 818977 1 548276
 1 742129 1 489709
 1 717489 1 450861
 1 771764 1 496863
 1 839507 1 510409
 1 747241 1 474168
 1 763104 1 470945
 1 709537 1 529162
 1 756251 1 468939
 1 739447 1 497012
 1 744281 1 498059
 1 802128 1 475573
 1 748938 1 475486
 1 704065 1 426062
 1 673866 1 497010
 1 657004 1 483127
 1 696264 1 534642
 1 718455 1 546526
 1 747904 1 486697
 1 741784 1 485006
 1 752511 1 493459
 1 658397 1 474679
 1 689373 1 481718
 1 735419 1 521089
 1 813911 1 494530
 1 736699 1 495571
 1 741679 1 482804
 1 796870 1 493350
 1 790913 1 434009
 1 733227 1 508516
 1 712687 1 527762
 1 721334 1 470136
 1 784475 1 589185
 1 758563 1 500321
 1 739547 1 489215
 1 750308 1 483196
 1 750854 1 463676
 1 732037 1 521822
 1 746425 1 494200
 1 728512 1 466105
 1 827519 1 523909
 1 732792 1 438957
 1 825078 1 486120
 1 723331 1 488479
 1 751250 1 554067
 1 672462 1 515287
 1 752431 1 474401
 1 776746 1 542829
 1 746258 1 490697
 1 744842 1 490334
 1 771250 1 521703
 1 782116 1 487638
 1 766054 1 500996
 1 757582 1 487189
 1 784643 1 462183
 1 786453 1 437687
 1 768918 1 444830
 1 743862 1 420503
 1 756376 1 469701
 1 745773 1 515857
 1 755676 1 496120
 1 788465 1 498692
 1 740196 1 515856
 1 729956 1 570278
 1 692017 1 350411
 1 778300 1 495684
 1 770734 1 513047
 1 839244 1 520420
 1 837533 1 541144
 1 755622 1 389100
 1 683156 1 477909
 1 749007 1 465411
 1 746916 1 486226
 1 747666 1 478824
 1 796502 1 510572
 1 781518 1 491802
 1 734537 1 513380
 1 777438 1 503372
 1 746927 1 493782
 1 782638 1 472545
 1 686890 1 533353
 1 736648 1 486939
 1 770320 1 449290
 1 736308 1 496256
 1 694554 1 535143
 1 731019 1 488690
 1 747697 1 489436
 1 724508 1 471646
 1 728414 1 498907
 1 702554 1 535597
 1 759434 1 490376
 1 695726 1 486749
 1 797473 1 471372
 1 745294 1 492940
 1 761897 1 442656
 1 693716 1 476453
 1 729190 1 580460
 1 790062 1 485624
 1 750835 1 484965
 1 804706 1 508099
 1 745027 1 489971
 1 752645 1 478941
 1 761125 1 545456
 1 738676 1 488228
 1 774857 1 499250
 1 674726 1 483779
 1 743304 1 462660
 1 734294 1 489972
 1 742707 1 446699
 1 693853 1 483179
 1 740373 1 488728
 1 738729 1 512733
 1 748030 1 471059
 1 754610 1 489442
 1 751376 1 493290
 1 772549 1 498648
 1 745511 1 464200
 1 784908 1 598626
 1 800642 1 547740
 1 764201 1 504873
 1 726987 1 487946
 1 751489 1 442230
 1 759258 1 407764
 1 764112 1 512367
 1 783936 1 495842
 1 745285 1 491152
 1 737497 1 445283
 1 734479 1 474887
 1 753541 1 513095
 1 747199 1 581068
 1 779361 1 467379
 1 759544 1 452684
 1 767537 1 476326
 1 779260 1 465853
 1 759503 1 507476
 1 653418 1 491119
 1 731808 1 483131
 1 697936 1 482887
 1 739490 1 457808
 1 725595 1 498992
 1 744105 1 488265
 1 734111 1 502380
 1 714663 1 545229
 1 705578 1 505385
 1 774790 1 505536
 1 742720 1 483440
 1 690411 1 504116
 1 744972 1 529838
 1 748626 1 467103
 1 772618 1 505985
 1 759501 1 501657
 1 788686 1 475140
 1 707047 1 411898
 1 759900 1 480354
 1 721240 1 488869
 1 749909 1 495121
 1 731573 1 423211
 1 735690 1 487883
 1 736447 1 495116
 1 736840 1 480400
 1 766906 1 565918
 1 777336 1 493593
 1 742956 1 482214
 1 691442 1 511116
 1 676995 1 476288
 1 737776 1 506695
 1 737775 1 515859
 1 746789 1 484134
 1 702306 1 508607
 1 700190 1 518411
 1 734587 1 494087
 1 738362 1 540660
 1 743423 1 497525
 1 681136 1 488487
 1 791228 1 500692
 1 745226 1 489261
 1 728996 1 491089
 1 743598 1 490116
 1 773513 1 499993
 1 739663 1 533583
 1 648157 1 464934
 1 746257 1 489489
 1 754966 1 558120
 1 731717 1 480912
 1 781393 1 496807
 1 755246 1 509169
 1 718862 1 480199
 1 747883 1 519302
 1 744025 1 492118
 1 727112 1 497222
 1 724127 1 529035
 1 734376 1 455402
 1 736327 1 493658
 1 661222 1 492516
 1 780931 1 476348
 1 719728 1 508053
 1 768226 1 555200
 1 800317 1 784636
 1 813882 1 790297
 1 811050 1 797793
 1 802282 1 801674
 1 790311 1 781251
 1 774427 1 788519
 1 865085 1 777786
 1 818350 1 787409
 1 815889 1 783684
 1 816463 1 800337
 1 815268 1 782521
 1 806535 1 822224
 1 832317 1 794891
 1 809154 1 792606
 1 807272 1 807084
 1 803126 1 793952
 1 772765 1 829968
 1 748190 1 797315
 1 811562 1 798728
 1 811233 1 796697
 1 806068 1 811127
 1 808610 1 801067
 1 820422 1 805195
 1 800994 1 792867
 1 818562 1 793459
 1 810642 1 797694
 1 810409 1 793197
 1 792069 1 780712
 1 815892 1 803983
 1 779163 1 791549
 1 804879 1 811064
 1 811111 1 798591
 1 798050 1 785780
 1 794594 1 796647
 1 800880 1 821084
 1 801852 1 797430
 1 813805 1 794889
 1 684742 1 858350
 1 849765 1 799977
 1 811006 1 799360
 1 752217 1 796250
 1 845878 1 785568
 1 770665 1 821201
 1 839914 1 798603
 1 782173 1 797095
 1 763493 1 808260
 1 816224 1 792191
 1 790536 1 796206
 1 812533 1 805236
 1 815790 1 795797
 1 817150 1 793334
 1 800081 1 798478
 1 827452 1 805731
 1 753254 1 805073
 1 712652 1 814903
 1 837545 1 807762
 1 762397 1 803499
 1 814040 1 798210
 1 775353 1 785881
 1 811672 1 805014
 1 848200 1 804071
 1 814419 1 790706
 1 801854 1 795090
 1 808649 1 800874
 1 815014 1 790524
 1 800539 1 794875
 1 826452 1 774195
 1 813755 1 789306
 1 803210 1 779021
 1 783620 1 829765
 1 811619 1 799698
 1 709277 1 840357
 1 808478 1 795327
 1 761486 1 827536
 1 838705 1 773992
 1 810812 1 798446
 1 786935 1 791732
 1 800668 1 815680
 1 792980 1 821154
 1 807147 1 776017
 1 851656 1 790283
 1 825953 1 804985
 1 852355 1 792202
 1 817868 1 793701
 1 815645 1 811090
 1 834080 1 801772
 1 746273 1 810719
 1 862496 1 778936
 1 829158 1 817432
 1 817826 1 776448
 1 814716 1 818970
 1 808612 1 800038
 1 763526 1 799481
 1 798177 1 799333
 1 844586 1 802273
 1 828381 1 790305
 1 812051 1 780503
 1 810514 1 802370
 1 815619 1 802774
 1 822284 1 774498
 1 823994 1 791174
 1 821453 1 779300
 1 726276 1 836622
 1 846308 1 810323
 1 812282 1 802500
 1 820325 1 799356
 1 810158 1 800509
 1 830963 1 776249
 1 828273 1 800409
 1 806713 1 819895
 1 804078 1 808708
 1 831445 1 773615
 1 811385 1 793975
 1 882553 1 782545
 1 830856 1 816331
 1 809052 1 785192
 1 845361 1 796494
 1 836085 1 766127
 1 810403 1 799127
 1 810563 1 799792
 1 760137 1 803552
 1 751620 1 820060
 1 808740 1 798806
 1 852753 1 799139
 1 794086 1 791644
 1 815442 1 805892
 1 813406 1 779457
 1 828420 1 778270
 1 841353 1 810185
 1 788090 1 798495
 1 896122 1 752214
 1 807593 1 810444
 1 854520 1 808339
 1 806768 1 823619
 1 815330 1 805167
 1 772496 1 803150
 1 805108 1 796673
 1 840496 1 769202
 1 875012 1 768919
 1 862306 1 765939
 1 837251 1 807197
 1 793340 1 781982
 1 819165 1 810616
 1 879185 1 797717
 1 798852 1 827092
 1 802157 1 792844
 1 814428 1 817590
 1 824529 1 807816
 1 776070 1 829533
 1 758092 1 832345
 1 826726 1 795730
 1 776003 1 790728
 1 841726 1 800729
 1 846786 1 765439
 1 802870 1 819655
 1 811161 1 798794
 1 806610 1 814590
 1 803063 1 809522
 1 834569 1 809292
 1 824219 1 801663
 1 762598 1 815926
 1 804861 1 826217
 1 808589 1 793608
 1 811491 1 798866
 1 824463 1 818956
 1 813497 1 822786
 1 802641 1 794320
 1 798398 1 827206
 1 836616 1 812262
 1 808701 1 800100
 1 806309 1 805747
 1 807546 1 803599
 1 812855 1 795781
 1 832359 1 781195
 1 808459 1 797917
 1 844453 1 807177
 1 795810 1 797565
 1 812775 1 800227
 1 833218 1 782008
 1 902127 1 790356
 1 851161 1 798515
 1 834253 1 806535
 1 810198 1 799363
 1 805723 1 788560
 1 818972 1 795586
 1 786133 1 824977
 1 871946 1 767622
 1 780537 1 795247
 1 788649 1 794537
 1 812179 1 799484
 1 819533 1 799169
 1 810233 1 797993
 1 772515 1 835615
 1 807776 1 793655
 1 806119 1 784986
 1 845500 1 789584
 1 849098 1 786555
 1 769350 1 788631
 1 830472 1 784347
 1 804095 1 806441
 1 837448 1 786979
 1 809435 1 797683
 1 798097 1 792059
 1 803357 1 779049
 1 828589 1 808321
 1 688923 1 822917
 1 817776 1 808814
 1 777392 1 785033
 1 814227 1 796434
 1 892881 1 792214
 1 849209 1 792426
 1 808499 1 792311
 1 772973 1 813821
 1 856014 1 784608
 1 880096 1 760613
 1 820461 1 797871
 1 787229 1 807186
 1 807914 1 798232
 1 824520 1 816576
 1 819784 1 779387
 1 793972 1 784171
 1 850054 1 775827
 1 815919 1 801046
 1 813274 1 800479
 1 733659 1 846262
 1 787857 1 788060
 1 765996 1 826401
 1 835927 1 776081
 1 811536 1 800108
 1 795556 1 798494
 1 811762 1 777181
 1 845455 1 809831
 1 801399 1 812391
 1 811030 1 804846
 1 812057 1 805634
 1 954037 1 754046
 1 801110 1 809783
 1 805663 1 799265
 1 766780 1 820253
 1 819233 1 774163
 1 842369 1 781218
 1 816267 1 820949
 1 809664 1 810841
 1 809626 1 801102
 1 803374 1 814949
 1 793044 1 820441
 1 817013 1 794412
 1 803922 1 782547
 1 808035 1 798648
 1 799944 1 816622
 1 882811 1 793520
 1 808680 1 796706
 1 817649 1 793894
 1 811896 1 798882
 1 811431 1 773910
 1 791917 1 803419
 1 811114 1 797982
 1 804722 1 818319
 1 809031 1 794833
 1 846172 1 787246
 1 795683 1 807841
 1 820895 1 770082
 1 814195 1 799627
 1 813666 1 801736
 1 794412 1 821642
 1 866119 1 772773
 1 833899 1 769899
 1 800075 1 792980
 1 793835 1 803740
 1 747595 1 808890
 1 815019 1 804514
 1 774498 1 791774
 1 828759 1 807565
 1 797410 1 792297
 1 773559 1 811913
 1 777063 1 793465
 1 778859 1 812924
 1 827063 1 782736
 1 813325 1 799374
 1 817057 1 799945
 1 808789 1 803743
 1 811794 1 796546
 1 758239 1 811790
 1 811526 1 798522
 1 820837 1 796472
 1 762099 1 802683
 1 854479 1 761858
 1 852585 1 769444
 1 792700 1 826386
 1 771857 1 793747
 1 810044 1 791867
 1 773322 1 815967
 1 808797 1 782400
 1 772267 1 786407
 1 821809 1 776574
 1 850867 1 794795
 1 827966 1 798346
 1 809615 1 782697
 1 841746 1 765533
 1 809140 1 809166
 1 760079 1 809519
 1 903112 1 748680
 1 816200 1 783338
 1 818466 1 801242
 1 811844 1 795617
 1 805778 1 794695
 1 793557 1 795249
 1 799520 1 804177
 1 898849 1 767378
 1 810560 1 798181
 1 830952 1 784116
 1 776951 1 822900
 1 793031 1 790061
 1 808698 1 813898
 1 809098 1 796696
 1 826957 1 812482
 1 820493 1 816355
 1 809186 1 790562
 1 805060 1 785568
 1 828989 1 784053
 1 785544 1 795681
 1 818964 1 801925
 1 840579 1 786111
 1 781601 1 808491
 1 782521 1 782691
 1 788766 1 823901
 1 847740 1 764964
 1 837971 1 773332
 1 800539 1 823945
 1 812502 1 800441
 1 760867 1 799121
 1 815737 1 804639
 1 800968 1 811241
 1 666089 1 834004
 1 663355 1 712969
 1 621522 1 740455
 1 635643 1 769436
 1 675306 1 759322
 1 662388 1 702735
 1 631228 1 738355
 1 618043 1 759128
 1 658668 1 727864
 1 577939 1 713682
 1 578115 1 647986
 1 667218 1 717759
 1 633117 1 708577
 1 590219 1 637555
 1 629694 1 706231
 1 600117 1 727120
 1 595905 1 708060
 1 571086 1 725107
 1 664594 1 695034
 1 664481 1 709254
 1 605036 1 714271
 1 640037 1 713785
 1 657586 1 724372
 1 641567 1 698735
 1 655793 1 705794
 1 694243 1 777923
 1 650118 1 739354
 1 625348 1 716968
 1 674203 1 723060
 1 607366 1 794211
 1 728537 1 782503
 1 636134 1 677351
 1 680555 1 646090
 1 616343 1 714532
 1 636986 1 733872
 1 641756 1 723448
 1 642156 1 719494
 1 673940 1 685535
 1 638563 1 721974
 1 617223 1 759236
 1 666434 1 795317
 1 650616 1 745355
 1 644829 1 715595
 1 628266 1 714048
 1 614978 1 720929
 1 621371 1 632289
 1 627449 1 758729
 1 703914 1 726785
 1 749598 1 763757
 1 742388 1 753054
 1 617282 1 739230
 1 629683 1 689530
 1 630843 1 719036
 1 634532 1 716093
 1 634214 1 708358
 1 628856 1 751488
 1 705772 1 693959
 1 638982 1 719285
 1 587652 1 724621
 1 643835 1 717689
 1 642061 1 703080
 1 680868 1 731424
 1 647974 1 734779
 1 592707 1 669467
 1 659403 1 713194
 1 651363 1 677982
 1 614618 1 734345
 1 644438 1 720614
 1 625398 1 783528
 1 623234 1 700831
 1 589875 1 662805
 1 636688 1 682078
 1 649471 1 717081
 1 619595 1 706496
 1 639029 1 714515
 1 624252 1 713773
 1 644538 1 719707
 1 634803 1 719010
 1 640350 1 716486
 1 617866 1 626069
 1 595870 1 694998
 1 640447 1 732249
 1 657571 1 721522
 1 575169 1 678903
 1 640485 1 708409
 1 621979 1 764543
 1 656764 1 717599
 1 636714 1 764339
 1 688874 1 674571
 1 673737 1 716750
 1 640545 1 719321
 1 648627 1 715000
 1 680227 1 725783
 1 642156 1 702212
 1 643279 1 717650
 1 651261 1 650210
 1 619626 1 709345
 1 637681 1 686532
 1 573020 1 690010
 1 633199 1 696635
 1 599265 1 707098
 1 601118 1 714354
 1 641842 1 702995
 1 632370 1 701340
 1 608368 1 700007
 1 578988 1 672472
 1 638705 1 715159
 1 613932 1 677231
 1 644853 1 729111
 1 622277 1 680778
 1 593708 1 756565
 1 637061 1 716304
 1 641164 1 670236
 1 600402 1 716490
 1 615211 1 738645
 1 672211 1 778530
 1 610174 1 773555
 1 667479 1 679479
 1 636169 1 706669
 1 640386 1 714859
 1 649453 1 717922
 1 712029 1 783889
 1 592222 1 693517
 1 651585 1 660825
 1 633304 1 754799
 1 647577 1 711195
 1 657545 1 781613
 1 639437 1 657390
 1 655486 1 699195
 1 649760 1 788229
 1 619325 1 698780
 1 642584 1 700876
 1 666128 1 731003
 1 587018 1 731896
 1 658798 1 678713
 1 639138 1 713564
 1 640407 1 699332
 1 628732 1 709659
 1 597091 1 721757
 1 625293 1 728810
 1 637459 1 716775
 1 631939 1 715432
 1 639767 1 716618
 1 657470 1 776215
 1 644574 1 724986
 1 643326 1 667754
 1 637013 1 716551
 1 637928 1 736516
 1 638524 1 716979
 1 641037 1 749494
 1 744175 1 824183
 1 630888 1 721150
 1 682697 1 691654
 1 643035 1 794315
 1 650554 1 749918
 1 590310 1 693864
 1 696877 1 774723
 1 639224 1 725980
 1 577546 1 721880
 1 568534 1 684407
 1 690850 1 689909
 1 615247 1 717251
 1 648244 1 757652
 1 614355 1 744609
 1 598498 1 733367
 1 636147 1 756083
 1 640146 1 716376
 1 623215 1 759842
 1 620171 1 682152
 1 625273 1 757065
 1 642302 1 720219
 1 640794 1 716774
 1 632199 1 677873
 1 677482 1 731155
 1 683887 1 763501
 1 571889 1 734967
 1 644095 1 713949
 1 674833 1 774365
 1 633990 1 715067
 1 588052 1 698231
 1 582502 1 734232
 1 629241 1 709064
 1 621793 1 691450
 1 564985 1 720790
 1 608073 1 717718
 1 649264 1 623529
 1 625470 1 711928
 1 635743 1 700164
 1 639458 1 695115
 1 657070 1 728343
 1 623562 1 815551
 1 628271 1 713663
 1 614013 1 717118
 1 664363 1 719884
 1 646682 1 778239
 1 643031 1 711746
 1 635888 1 714638
 1 637926 1 760128
 1 706465 1 730410
 1 598688 1 641355
 1 636357 1 710148
 1 619179 1 722481
 1 575423 1 679721
 1 644324 1 711134
 1 650187 1 695637
 1 594784 1 713427
 1 669413 1 626722
 1 638107 1 719254
 1 616146 1 714529
 1 600414 1 710999
 1 638239 1 720591
 1 621026 1 726987
 1 643758 1 642099
 1 631541 1 719940
 1 632907 1 723310
 1 556196 1 697263
 1 625338 1 753765
 1 608865 1 760275
 1 644289 1 714585
 1 654608 1 717068
 1 647933 1 681045
 1 600938 1 632401
 1 644141 1 714046
 1 652753 1 681903
 1 673086 1 711329
 1 677109 1 760072
 1 692705 1 734434
 1 661454 1 768233
 1 639972 1 713150
 1 641471 1 715828
 1 591801 1 614048
 1 643566 1 727250
 1 642738 1 714776
 1 645620 1 711331
 1 638646 1 715577
 1 639716 1 713819
 1 640123 1 716370
 1 636036 1 719743
 1 679473 1 830964
 1 614791 1 755467
 1 630101 1 718174
 1 600690 1 715512
 1 639919 1 716397
 1 591948 1 697390
 1 631587 1 656092
 1 633313 1 755930
 1 642079 1 712689
 1 638940 1 715883
 1 582307 1 680357
 1 741709 1 741282
 1 635638 1 728110
 1 681534 1 767969
 1 638626 1 722646
 1 643958 1 695240
 1 562522 1 643515
 1 676366 1 743485
 1 654027 1 722884
 1 648785 1 731624
 1 632325 1 718150
 1 632400 1 717327
 1 699585 1 703025
 1 643425 1 712951
 1 647952 1 692203
 1 644464 1 717988
 1 609497 1 690486
 1 624086 1 658572
 1 591266 1 693611
 1 644299 1 720467
 1 695676 1 689657
 1 719566 1 732237
 1 643481 1 712387
 1 621553 1 724972
 1 675171 1 644567
 1 642088 1 717688
 1 631286 1 738866
 1 598179 1 722745
 1 661574 1 646984
 1 597177 1 721927
 1 638644 1 718384
 1 675532 1 657020
 1 637237 1 710890
 1 627082 1 747118
 1 641684 1 622495
 1 610549 1 787508
 1 692090 1 719344
 1 594137 1 703143
 1 635109 1 757188
 1 635261 1 760734
 1 639214 1 723166
 1 657024 1 681096
 1 632584 1 729817
 1 575738 1 712438
 1 634015 1 748405
 1 640792 1 716461
 1 638930 1 750970
 1 595684 1 714098
 1 644682 1 714745
 1 687122 1 738565
 1 582189 1 696266
 1 662371 1 692744
 1 689387 1 732193
 1 631305 1 772757
 1 621234 1 756293
 1 647217 1 690066
 1 651002 1 770893
 1 599630 1 680197
 1 692902 1 724241
 1 635307 1 687584
 1 624302 1 673977
 1 597977 1 724431
 1 631749 1 686314
 1 586797 1 700555
 1 651464 1 674550
 1 644259 1 663182
 1 640577 1 744002
 1 694967 1 681439
 1 598907 1 762599
 1 603651 1 724290
 1 661592 1 678312
 1 628898 1 734733
 1 634058 1 735934
 1 651540 1 690618
 1 743595 1 771912
 1 642879 1 718910
 1 547785 1 707002
 1 657408 1 727645
 1 642638 1 702608
 1 667783 1 714977
 1 587867 1 711394
 1 673200 1 729390
 1 641257 1 715039
 1 644255 1 713073
 1 639626 1 719489
 1 597290 1 605851
 1 731514 1 795689
 1 631408 1 769161
 1 638880 1 702053
 1 620283 1 658094
 1 651419 1 667815
 1 639893 1 715879
 1 430958 1 399843
 1 288309 1 429308
 1 389692 1 397293
 1 380526 1 401970
 1 292021 1 390076
 1 324928 1 471447
 1 371433 1 385799
 1 377209 1 412253
 1 387305 1 387873
 1 369117 1 397361
 1 310010 1 399662
 1 370048 1 374155
 1 360551 1 355205
 1 268104 1 419269
 1 344883 1 383901
 1 354753 1 378429
 1 367537 1 392135
 1 353389 1 370521
 1 381174 1 352881
 1 410449 1 395441
 1 353786 1 443365
 1 373259 1 425038
 1 367991 1 414300
 1 424221 1 332081
 1 368967 1 393063
 1 373155 1 348025
 1 356869 1 407779
 1 421918 1 372834
 1 363808 1 379256
 1 318948 1 427185
 1 369319 1 393167
 1 441676 1 361920
 1 367443 1 386597
 1 343367 1 432603
 1 399464 1 396822
 1 367746 1 412765
 1 343712 1 387222
 1 330645 1 428927
 1 366129 1 390623
 1 368286 1 384336
 1 360144 1 423007
 1 442589 1 347988
 1 426703 1 307919
 1 355911 1 408576
 1 330703 1 388501
 1 319314 1 380972
 1 365073 1 439999
 1 365850 1 390295
 1 369301 1 398897
 1 365576 1 408520
 1 372873 1 380333
 1 314268 1 433123
 1 363186 1 405653
 1 407957 1 346707
 1 320065 1 449062
 1 448553 1 386656
 1 366440 1 394547
 1 370161 1 335319
 1 382560 1 400741
 1 374652 1 399152
 1 373050 1 380559
 1 340119 1 374760
 1 332999 1 468819
 1 368043 1 392456
 1 349724 1 389875
 1 355185 1 402533
 1 345337 1 367192
 1 398226 1 429400
 1 387524 1 382630
 1 358775 1 393808
 1 377224 1 415288
 1 374349 1 387203
 1 376056 1 389093
 1 370125 1 422037
 1 367014 1 393820
 1 381777 1 398466
 1 463226 1 372108
 1 362310 1 400633
 1 358405 1 437704
 1 398464 1 340720
 1 332650 1 380018
 1 310248 1 404023
 1 362438 1 399028
 1 441567 1 317507
 1 386106 1 399316
 1 331518 1 400351
 1 355079 1 406943
 1 385732 1 386672
 1 362249 1 399055
 1 358666 1 369179
 1 334983 1 444655
 1 396407 1 383762
 1 420275 1 394734
 1 491692 1 335511
 1 410085 1 382004
 1 361204 1 407569
 1 371227 1 425832
 1 434135 1 369029
 1 383912 1 396636
 1 374141 1 387057
 1 285057 1 398068
 1 366346 1 353823
 1 376299 1 422302
 1 428290 1 339225
 1 370173 1 377657
 1 347618 1 389340
 1 392049 1 421698
 1 356047 1 415080
 1 366133 1 381852
 1 399141 1 363105
 1 367907 1 393330
 1 382234 1 374317
 1 389870 1 359416
 1 363455 1 393835
 1 364705 1 393275
 1 422576 1 328431
 1 454855 1 338314
 1 362345 1 388691
 1 369261 1 362808
 1 351901 1 420388
 1 349531 1 407934
 1 428747 1 325439
 1 423706 1 326116
 1 353701 1 444532
 1 371602 1 391306
 1 340261 1 373503
 1 356193 1 425466
 1 368765 1 387791
 1 379895 1 442982
 1 354246 1 416218
 1 353782 1 372623
 1 361326 1 366997
 1 368932 1 390922
 1 365735 1 393981
 1 378943 1 368751
 1 392160 1 327855
 1 427432 1 397464
 1 367982 1 393206
 1 364036 1 409097
 1 344531 1 365263
 1 357000 1 421753
 1 369441 1 392952
 1 489693 1 353205
 1 367173 1 393741
 1 442860 1 361976
 1 433651 1 314903
 1 367478 1 393206
 1 369993 1 409013
 1 343270 1 362023
 1 358829 1 388192
 1 280484 1 412725
 1 379667 1 374359
 1 351611 1 456804
 1 348503 1 388328
 1 421443 1 415243
 1 378071 1 376634
 1 357600 1 357844
 1 456365 1 378763
 1 313559 1 440588
 1 368047 1 442140
 1 362095 1 375130
 1 411435 1 350026
 1 382507 1 407790
 1 400940 1 394734
 1 390136 1 373731
 1 460753 1 343011
 1 415242 1 393698
 1 342396 1 391351
 1 352868 1 389859
 1 277460 1 489953
 1 299780 1 465541
 1 365940 1 382162
 1 366415 1 382828
 1 305291 1 391982
 1 426977 1 370168
 1 375673 1 334323
 1 367277 1 402046
 1 459889 1 378512
 1 417706 1 382840
 1 298298 1 412540
 1 443267 1 354086
 1 442961 1 340392
 1 367754 1 393108
 1 361296 1 350811
 1 322284 1 366148
 1 380737 1 407473
 1 331877 1 398559
 1 366854 1 379273
 1 398340 1 320864
 1 350796 1 417352
 1 386988 1 366181
 1 374922 1 401941
 1 372656 1 413812
 1 407528 1 392953
 1 373317 1 372501
 1 413899 1 355953
 1 372904 1 398412
 1 380871 1 408007
 1 381376 1 377613
 1 366700 1 428246
 1 375047 1 419886
 1 369039 1 368296
 1 357287 1 426880
 1 351337 1 391989
 1 422686 1 391507
 1 322113 1 402088
 1 313827 1 453626
 1 366725 1 388304
 1 348020 1 368414
 1 345259 1 444293
 1 373422 1 398453
 1 375594 1 387963
 1 354488 1 384371
 1 354776 1 373819
 1 367020 1 431868
 1 343924 1 394943
 1 396363 1 342426
 1 368565 1 395000
 1 334752 1 421063
 1 357589 1 405480
 1 344657 1 412267
 1 354327 1 437800
 1 222541 1 517853
 1 374454 1 395268
 1 407287 1 396215
 1 358416 1 380452
 1 385765 1 393384
 1 380383 1 436027
 1 371335 1 373351
 1 369432 1 351894
 1 387426 1 417490
 1 318015 1 426565
 1 357073 1 452459
 1 428772 1 326127
 1 361333 1 397801
 1 502547 1 326866
 1 400453 1 373153
 1 454810 1 368218
 1 390831 1 423223
 1 379720 1 412464
 1 377959 1 390933
 1 360856 1 391213
 1 396309 1 431852
 1 379709 1 333917
 1 418477 1 330985
 1 433533 1 301452
 1 313258 1 420642
 1 371646 1 395045
 1 398572 1 370806
 1 366902 1 392557
 1 380779 1 374190
 1 348212 1 422593
 1 348347 1 406831
 1 386604 1 403766
 1 368841 1 393444
 1 379759 1 373200
 1 474000 1 373102
 1 305869 1 455262
 1 382235 1 404889
 1 354459 1 372458
 1 360152 1 349546
 1 323547 1 454905
 1 355229 1 393737
 1 343774 1 374746
 1 353121 1 391609
 1 398762 1 385070
 1 345068 1 427644
 1 409536 1 399697
 1 375052 1 374682
 1 346936 1 396623
 1 488198 1 321077
 1 363473 1 411857
 1 370698 1 404478
 1 366118 1 405813
 1 347698 1 375328
 1 374102 1 376481
 1 366822 1 387881
 1 313542 1 382249
 1 406898 1 360586
 1 338836 1 392104
 1 282532 1 404029
 1 329281 1 383861
 1 367073 1 391036
 1 375745 1 410134
 1 363715 1 392813
 1 373658 1 379638
 1 382850 1 370992
 1 368491 1 394700
 1 338194 1 397747
 1 394127 1 373540
 1 329464 1 361453
 1 402219 1 389373
 1 366609 1 367590
 1 372599 1 393499
 1 250378 1 432191
 1 385749 1 377554
 1 407544 1 369095
 1 354255 1 411629
 1 367885 1 392222
 1 371499 1 426312
 1 380653 1 396567
 1 395810 1 409693
 1 297938 1 433375
 1 381179 1 414445
 1 437877 1 347481
 1 306945 1 480371
 1 316990 1 373690
 1 392894 1 402564
 1 355056 1 436711
 1 346323 1 383200
 1 375671 1 422534
 1 359173 1 399693
 1 348403 1 367914
 1 391934 1 357410
 1 382289 1 412552
 1 359234 1 385642
 1 350137 1 390854
 1 433131 1 354612
 1 414002 1 404047
 1 313426 1 373193
 1 365893 1 395684
 1 352861 1 404254
 1 423259 1 413108
 1 342536 1 385968
 1 378734 1 360574
 1 324529 1 411839
 1 341410 1 388137
 1 382313 1 353149
 1 310836 1 453367
 1 305482 1 426633
 1 368911 1 387905
 1 415434 1 378044
 1 355387 1 401760
 1 400394 1 380796
 1 433951 1 333853
 1 370049 1 391721
 1 361416 1 396369
 1 382069 1 429732
 1 377351 1 397813
 1 374602 1 414232
 1 391042 1 431684
 1 305056 1 468145
 1 374829 1 382877
 1 377098 1 347754
 1 393767 1 397550
 1 144268 1 276753
 1 215028 1 220479
 1 153160 1 241301
 1 204085 1 181687
 1 148601 1 267824
 1 150396 1 243417
 1  75053 1 198882
 1 160715 1 202648
 1 149811 1 261597
 1 137141 1 205921
 1 179778 1 277955
 1 165119 1 242674
 1 135664 1 249619
 1 157148 1 244335
 1 150545 1 140302
 1 172609 1 209554
 1 141123 1 227935
 1 177806 1 154620
 1  96693 1 226847
 1 159801 1 255188
 1 158279 1 306457
 1 106594 1 298013
 1 164852 1 249505
 1 178416 1 232560
 1 157237 1 214768
 1 119152 1 233480
 1 150318 1 246184
 1 150718 1 240605
 1 119669 1 227422
 1 112325 1 286166
 1 140863 1 217226
 1 114710 1 237058
 1 150277 1 238132
 1 260493 1 232066
 1 192924 1 285957
 1 157361 1 236655
 1 120477 1 343024
 1 167164 1 191976
 1 217034 1 193419
 1 156209 1 240252
 1 192247 1 242718
 1 162975 1 233798
 1 165909 1 230495
 1  95532 1 259570
 1 170130 1 205170
 1 176560 1 202712
 1 163715 1 316643
 1 116514 1 334971
 1 205220 1 178756
 1 170867 1 249578
 1 123642 1 285790
 1 160154 1 247973
 1 142910 1 232333
 1  72590 1 266630
 1 194651 1 259000
 1 217323 1 208526
 1 167022 1 245603
 1 172229 1 208129
 1 153365 1 176988
 1 140479 1 249911
 1 122241 1 215836
 1 153113 1 210707
 1 217418 1 274869
 1 134197 1 229036
 1 150866 1 251334
 1  88899 1 193473
 1 133925 1 284607
 1 166422 1 235921
 1 203424 1 155150
 1 169129 1 246178
 1 204581 1 229675
 1 175763 1 259085
 1 148822 1 224002
 1 145445 1 241063
 1  90601 1 251094
 1  94069 1 310203
 1 134257 1 281279
 1 210968 1 268894
 1  72179 1 193748
 1 162440 1 248306
 1 158466 1 255685
 1 108151 1 255519
 1 190921 1 241361
 1 129364 1 269179
 1 142602 1 169045
 1 157863 1 234771
 1 126120 1 302129
 1 188602 1 207706
 1 140044 1 236985
 1 139681 1 279210
 1 176697 1 232285
 1 165098 1 235353
 1 185138 1 253839
 1 177499 1 229724
 1  99933 1 167407
 1  88352 1 153257
 1 157112 1 237132
 1 163478 1 206806
 1 201618 1 230336
 1 173603 1 280590
 1 141639 1 249631
 1 220177 1 221674
 1 138443 1 274842
 1 118564 1 178036
 1 127565 1 288773
 1 231852 1 300137
 1 131034 1 236016
 1 126159 1 254707
 1 130423 1 177562
 1 153854 1 219971
 1 149485 1 221996
 1 183658 1 234419
 1 187411 1 351115
 1 126009 1 263298
 1 187212 1 296109
 1 178011 1 245705
 1 158055 1 169233
 1 117834 1 270265
 1 156732 1 235033
 1 193316 1 188676
 1 171343 1 274816
 1 107689 1 282750
 1 155227 1 237869
 1 212672 1 226100
 1 134601 1 255747
 1 152195 1 242436
 1 141439 1 241858
 1 132333 1 232073
 1 141096 1 255435
 1 138027 1 196894
 1 107048 1 276231
 1 110917 1 233442
 1  77867 1 176841
 1  81578 1 203212
 1 118882 1 213794
 1 138610 1 243160
 1  95940 1 250198
 1 138317 1 230431
 1 144487 1 220569
 1 159080 1 210722
 1 104076 1 237987
 1  55608 1 239370
 1 134715 1 256643
 1 184201 1 211156
 1 210080 1 198044
 1  86195 1 286968
 1 151352 1 235918
 1 140740 1 224652
 1 152045 1 242628
 1 139565 1 215381
 1  95382 1 115668
 1 166485 1 289645
 1 145886 1 232715
 1 145425 1 222404
 1 167320 1 227937
 1 109106 1 241177
 1 169442 1 218850
 1 190466 1 314935
 1 126749 1 322037
 1 109019 1 276837
 1 143826 1 252240
 1 178464 1 289072
 1 141114 1 230663
 1 179963 1 233787
 1 179359 1 286852
 1 178752 1 236631
 1  99921 1 285370
 1 207806 1 208222
 1 143261 1 243324
 1 137960 1 272533
 1 161853 1 241439
 1 154899 1 236738
 1  89002 1 185590
 1 134534 1 234174
 1  70828 1 255798
 1 171329 1 274604
 1 211070 1 193909
 1 217828 1 243464
 1 151151 1 176449
 1 126725 1 255892
 1 126583 1 234454
 1 184909 1 210754
 1 157310 1 236360
 1 169498 1 251197
 1 159645 1 274415
 1  93068 1 223040
 1 129344 1 161493
 1 130695 1 281841
 1 136174 1 240128
 1 134700 1 198782
 1 138929 1 241622
 1 213522 1 187354
 1 204276 1 205249
 1 125172 1 193445
 1  64731 1 278881
 1 157125 1 223822
 1 199017 1 249218
 1 167454 1 212223
 1 152798 1 242467
 1 116915 1 275546
 1  78353 1 241479
 1 167047 1 244425
 1 181967 1 256901
 1 239215 1 155684
 1 118884 1 300452
 1 144797 1 230297
 1 158439 1 178226
 1  97247 1 293648
 1 129442 1 217878
 1 142200 1 219871
 1 249815 1 202233
 1 176211 1 249367
 1 162487 1 231383
 1 104953 1 265999
 1 128774 1 261335
 1 145002 1 258062
 1 109749 1 144848
 1 178163 1 282559
 1 192408 1 212255
 1 161407 1 246483
 1 206830 1 228445
 1 152402 1 233954
 1 140787 1 235320
 1 117830 1 176866
 1 129627 1 230607
 1 197192 1 249867
 1 141613 1 249308
 1 181453 1 220148
 1 144536 1 253350
 1 161938 1 250969
 1 112734 1 194495
 1 177061 1 241238
 1 140450 1 251264
 1 156436 1 244401
 1 118868 1 263809
 1 166469 1 246603
 1 179324 1 260539
 1 146316 1 205253
 1 160154 1 250907
 1 160139 1 234540
 1 130096 1 194244
 1 143466 1 232632
 1 136755 1 258715
 1 108243 1 264050
 1 156705 1 234233
 1 218453 1 238844
 1 110620 1 274173
 1 153221 1 241288
 1 179316 1 221508
 1 151670 1 241288
 1 134525 1 261281
 1 128299 1 180061
 1  86068 1 184431
 1 161133 1 256386
 1 196438 1 340934
 1 170508 1 258328
 1 174802 1 321458
 1 171073 1 270912
 1  89431 1 369980
 1 160989 1 246559
 1 172444 1 256387
 1 200338 1 193361
 1 154432 1 244349
 1 180319 1 219849
 1  78660 1 284471
 1 133488 1 208631
 1 166700 1 273767
 1 158204 1 258609
 1  58050 1 223469
 1 152867 1 264083
 1 157309 1 236777
 1 181862 1 227140
 1 186828 1 189533
 1 171811 1 227066
 1 165450 1 229776
 1 122772 1 264058
 1 151892 1 241676
 1 187798 1 303030
 1 190235 1 167285
 1 242760 1 167858
 1 156000 1 378411
 1 205888 1 280170
 1  95867 1 259419
 1 149794 1 238544
 1 101638 1 178019
 1 222802 1 198503
 1 159533 1 251379
 1 112948 1 282360
 1 144335 1 229546
 1 206896 1 367899
 1 158471 1 216252
 1 120858 1 240853
 1 152032 1 231945
 1 211131 1 188011
 1 182784 1 269055
 1 153178 1 241337
 1 170985 1 209026
 1  80076 1 288020
 1 167873 1 252058
 1 137936 1 246518
 1 133709 1 226030
 1 166457 1 390762
 1 158813 1 243350
 1 197453 1 333526
 1 157360 1 233258
 1 143594 1 273441
 1 191229 1 241672
 1 180427 1 312249
 1  84714 1 326665
 1 118712 1 286174
 1  92454 1 252582
 1 137294 1 229982
 1 160684 1 211150
 1 156631 1 278563
 1 167385 1 241304
 1 207906 1 252466
 1 190611 1 234816
 1 169463 1 303498
 1 124465 1 141723
 1 156822 1 248429
 1 188822 1 270818
 1 152202 1 241086
 1 199047 1 192628
 1 152263 1 236574
 1  93554 1 238027
 1 115519 1 247122
 1 153119 1 237198
 1 113310 1 243963
 1 149279 1 247411
 1 112451 1 173337
 1 160721 1 263397
 1 188587 1 270232
 1 150271 1 241545
 1 215675 1 181803
 1 181449 1 228007
 1 167088 1 231235
 1 154533 1 241892
 1 207478 1 236138
 1 228271 1 242563
 1 124311 1 264560
 1 147580 1 246081
 1 167270 1 256296
 1 137415 1 260085
 1 117982 1 238689
 1 176114 1 243137
 1 176353 1 239706
 1 324309 1 166872
 1 392529 1 133066
 1 387143 1 205819
 1 315686 1 148375
 1 372307 1 207143
 1 290748 1 129273
 1 376187 1 166773
 1 446211 1 212565
 1 339489 1 271530
 1 299636 1 118558
 1 384451 1 170208
 1 419623 1 170598
 1 365668 1 171196
 1 382703 1 171033
 1 357806 1 160668
 1 380679 1 162274
 1 384346 1 170473
 1 418415 1 105109
 1 417082 1 103373
 1 369556 1 142627
 1 379148 1 178654
 1 384167 1 222495
 1 371474 1 162477
 1 377275 1 221534
 1 372175 1 167867
 1 358783 1 228332
 1 336939 1 181660
 1 373227 1 166478
 1 365097 1 230323
 1 381537 1 180080
 1 458186 1 113406
 1 374600 1 209645
 1 327673 1 129969
 1 376760 1 167008
 1 317484 1 211236
 1 379919 1 130105
 1 375988 1 180698
 1 401736 1 201387
 1 383144 1 171907
 1 356265 1 117217
 1 388774 1 244098
 1 370912 1 141931
 1 386314 1 143500
 1 339875 1 161835
 1 300745 1 137979
 1 315895 1 239910
 1 327997 1  87427
 1 445579 1  86284
 1 371948 1 163895
 1 396379 1 192470
 1 354113 1 165421
 1 353798 1 153195
 1 363959 1 188656
 1 406938 1 130849
 1 437430 1 181780
 1 384473 1 174377
 1 324275 1 247659
 1 449926 1 204896
 1 348218 1 120268
 1 377887 1 170109
 1 314123 1 150422
 1 426060 1 229744
 1 381016 1 196248
 1 406482 1 161657
 1 409685 1 193186
 1 332142 1 182153
 1 384154 1 220169
 1 334035 1 188917
 1 327787 1 130075
 1 346232 1 146996
 1 380792 1 139922
 1 427578 1 177762
 1 419953 1 185219
 1 419059 1 130129
 1 400952 1 138241
 1 392566 1 190754
 1 462778 1 136346
 1 471311 1 217409
 1 389739 1 157850
 1 411767 1 144858
 1 393737 1 128932
 1 347554 1 178758
 1 417370 1 195374
 1 388369 1 164872
 1 379440 1 166059
 1 383959 1 186043
 1 386770 1 157312
 1 420415 1  91904
 1 384982 1 163647
 1 317168 1 199452
 1 336851 1 155364
 1 391415 1 152720
 1 371094 1 153053
 1 522544 1 137289
 1 407582 1 202582
 1 436631 1 230033
 1 435566 1 231374
 1 435061 1 194635
 1 398527 1 261527
 1 427239 1 152272
 1 371277 1 155889
 1 383801 1 170340
 1 347681 1 289055
 1 448694 1  47368
 1 421379 1 160869
 1 385673 1 169869
 1 422831 1 251615
 1 416238 1 192639
 1 379165 1 260170
 1 341606 1 259863
 1 330988 1  86975
 1 320580 1 219080
 1 333078 1 148391
 1 289908 1 149141
 1 366903 1 161264
 1 384297 1 171363
 1 371268 1 193531
 1 490336 1 221064
 1 403773 1 182381
 1 480223 1  55835
 1 398964 1 173756
 1 275627 1 161147
 1 369463 1 220974
 1 450073 1 177505
 1 396190 1 147633
 1 406794 1 150921
 1 400621 1 160003
 1 381401 1 174018
 1 367783 1 166713
 1 388432 1 168860
 1 421673 1 187031
 1 361441 1 267667
 1 405321 1  93925
 1 362859 1 140340
 1 410227 1 150096
 1 377272 1 194047
 1 452280 1 139126
 1 450967 1 176620
 1 347447 1 148710
 1 395987 1 245761
 1 410961 1 120335
 1 380302 1 176495
 1 319129 1 144332
 1 385852 1 170306
 1 311535 1 237816
 1 403237 1 111727
 1 389402 1 186417
 1 349659 1 200811
 1 357067 1 228645
 1 381908 1 166627
 1 335007 1 163172
 1 466808 1  91885
 1 383098 1 197737
 1 415473 1 169652
 1 314744 1 225931
 1 499307 1 154563
 1 378768 1 174147
 1 315741 1 217498
 1 320205 1  77799
 1 428704 1 180614
 1 447572 1  53060
 1 381417 1 196059
 1 369981 1 171667
 1 373934 1 188477
 1 407377 1 137230
 1 376694 1 122124
 1 408743 1 189687
 1 398862 1 263806
 1 315020 1 136275
 1 363062 1 183527
 1 415598 1 205574
 1 431485 1 262317
 1 384716 1 158270
 1 258058 1 128022
 1 419444 1  90106
 1 416055 1  67530
 1 431595 1 180243
 1 366563 1 191234
 1 383281 1 171914
 1 379318 1 176389
 1 442124 1 209435
 1 385730 1 171445
 1 421081 1 221014
 1 378502 1 163622
 1 297048 1 101607
 1 365855 1 252039
 1 393512 1 161575
 1 410957 1 221824
 1 374007 1 187428
 1 394944 1 157785
 1 387348 1 180311
 1 382178 1 155097
 1 332667 1 214384
 1 449317 1 196617
 1 404216 1 111800
 1 387186 1 135113
 1 347557 1 158156
 1 382759 1 171586
 1 369029 1 123002
 1 378625 1 249367
 1 337323 1 153842
 1 335931 1 124718
 1 351200 1 132320
 1 322396 1 143900
 1 501524 1 230383
 1 367727 1 210909
 1 365188 1 129186
 1 324229 1  84269
 1 398198 1 120744
 1 355738 1 167184
 1 473358 1 193356
 1 359623 1 134249
 1 323785 1 163777
 1 412271 1 170051
 1 268856 1 125508
 1 488127 1  73846
 1 456008 1 152027
 1 390219 1 125573
 1 340581 1 177805
 1 384504 1 169198
 1 362809 1 218290
 1 418831 1 166964
 1 312620 1 128354
 1 397307 1 123704
 1 349086 1 234634
 1 317879 1 174292
 1 245149 1 194500
 1 375253 1 187800
 1 393522 1 164490
 1 347695 1 244892
 1 417851 1 192549
 1 412031 1 164238
 1 379846 1 169598
 1 395523 1 141719
 1 384788 1 189119
 1 465103 1 157136
 1 468731 1 210114
 1 362092 1 247796
 1 362468 1 150201
 1 407639 1 120077
 1 397343 1 153175
 1 384837 1 172478
 1 405331 1 159359
 1 367235 1 174957
 1 395670 1 191264
 1 434308 1 199361
 1 389161 1 136652
 1 383988 1 178244
 1 311758 1 252287
 1 383970 1 165366
 1 477137 1 240884
 1 352937 1 230817
 1 284790 1 244142
 1 443311 1 196574
 1 333026 1 165580
 1 394655 1 181031
 1 330382 1 153977
 1 367560 1 147850
 1 375807 1 185732
 1 378928 1 174316
 1 336010 1 167968
 1 406336 1 247772
 1 340731 1 216574
 1 313534 1 177100
 1 393850 1 177311
 1 367053 1 169223
 1 370731 1 217636
 1 346571 1 199979
 1 403350 1 202060
 1 419675 1 270196
 1 420792 1 118135
 1 373006 1 107399
 1 382581 1 170223
 1 384609 1  54012
 1 316803 1 200542
 1 376396 1  94732
 1 386894 1 173014
 1 396705 1 169234
 1 431912 1 249597
 1 423790 1 102588
 1 360592 1 122445
 1 359366 1 168012
 1 321033 1 143579
 1 250509 1 205550
 1 343627 1  94437
 1 341558 1 198301
 1 408971 1 145233
 1 346779 1 170130
 1 378387 1 167830
 1 384041 1 224520
 1 382405 1 147099
 1 283138 1 165543
 1 390622 1 201028
 1 376910 1 210774
 1 395684 1  97584
 1 297671 1 187003
 1 321709 1 148954
 1 379314 1 167656
 1 379248 1 167362
 1 382523 1 178187
 1 348981 1 234016
 1 437103 1 171393
 1 434398 1 167620
 1 255437 1 122871
 1 410652 1 127303
 1 381805 1 172420
 1 302586 1 130972
 1 267638 1 147474
 1 381168 1 171473
 1 416489 1  50189
 1 424799 1 231862
 1 428477 1 165087
 1 456038 1  93573
 1 395332 1 111806
 1 383852 1 170166
 1 370610 1 147161
 1 285347 1 153194
 1 378828 1 190396
 1 419201 1 104680
 1 381125 1 170852
 1 481461 1 203506
 1 431201 1 111664
 1 335392 1 229987
 1 410952 1 118990
 1 325737 1 254683
 1 331642 1 165854
 1 300459 1 113094
 1 387961 1 167666
 1 356742 1 225013
 1 381730 1 145451
 1 377484 1 175687
 1 400677 1 223791
 1 393882 1 239136
 1 399358 1 171270
 1 405210 1 133109
 1 337108 1  83449
 1 443587 1 152112
 1 405666 1 198024
 1 370216 1 205730
 1 416550 1 159829
 1 426682 1 230705
 1 406297 1 126069
 1 405135 1 204915
 1 522950 1 187488
 1 376199 1 179596
 1 367328 1 188897
 1 489999 1 115960
 1 469611 1 151547
 1 402472 1 181925
 1 470097 1  94135
 1 193976 1 466934
 1 116068 1 503065
 1 179170 1 450947
 1 239399 1 487248
 1 175141 1 429305
 1 185554 1 434810
 1 214888 1 484690
 1 196648 1 416994
 1 160305 1 394216
 1 183349 1 487663
 1 200019 1 384934
 1 180840 1 474871
 1 175405 1 508827
 1 246857 1 488735
 1 197194 1 481989
 1 217949 1 527498
 1 187781 1 427393
 1 223691 1 478348
 1 191025 1 490542
 1 203772 1 458937
 1 209822 1 531578
 1 230810 1 547100
 1 199421 1 483456
 1 195252 1 522133
 1 303980 1 470710
 1 173988 1 455711
 1 199406 1 456574
 1 205687 1 445296
 1 202835 1 478415
 1 215604 1 512440
 1 191688 1 447845
 1 190613 1 495384
 1 148258 1 485289
 1 155194 1 422051
 1 210204 1 525598
 1 194627 1 468993
 1 195311 1 426719
 1 220485 1 476955
 1 262124 1 479518
 1 242161 1 449104
 1 198783 1 498912
 1  86540 1 451279
 1 182432 1 490648
 1 261239 1 581019
 1 253427 1 445328
 1 195620 1 477082
 1 202207 1 479931
 1 139564 1 477653
 1 159617 1 481789
 1 198662 1 485279
 1 148817 1 490709
 1 261777 1 449512
 1 229571 1 468642
 1 200774 1 475929
 1 202978 1 462888
 1 209431 1 477977
 1 173870 1 439927
 1 201886 1 496789
 1 189436 1 437132
 1 255857 1 430030
 1 188410 1 501222
 1 168864 1 579328
 1 255828 1 478990
 1 152956 1 441383
 1 179241 1 525024
 1 198499 1 480155
 1 213033 1 483227
 1 247887 1 490688
 1 212347 1 497214
 1 197063 1 502985
 1 225141 1 548853
 1 138455 1 477812
 1 132194 1 462964
 1 201000 1 456681
 1 158263 1 450148
 1 296963 1 593992
 1 212535 1 399283
 1 196219 1 546145
 1 234027 1 466171
 1 227939 1 492292
 1 196611 1 486659
 1 206478 1 462675
 1 176242 1 465851
 1 205360 1 492467
 1 218312 1 438775
 1 301032 1 516000
 1 239343 1 454590
 1 166393 1 440292
 1 195075 1 469091
 1 143075 1 437733
 1 160730 1 523610
 1 198069 1 463514
 1 194254 1 417690
 1 190635 1 481768
 1 197940 1 481653
 1 196899 1 477707
 1 221127 1 508740
 1 189487 1 547982
 1 191828 1 525232
 1 294075 1 453844
 1 198257 1 480497
 1 239984 1 460027
 1 144547 1 420258
 1 302288 1 466144
 1 198791 1 480844
 1 194517 1 477731
 1 191177 1 482830
 1 198985 1 479824
 1 197246 1 411856
 1 223989 1 441680
 1 195332 1 480182
 1 159936 1 443827
 1 214288 1 513897
 1 206631 1 507254
 1 243030 1 446886
 1 188413 1 435252
 1 193321 1 566701
 1 244130 1 414445
 1 197688 1 484429
 1 273852 1 551838
 1 160746 1 461333
 1 234648 1 482266
 1 185695 1 482916
 1 186777 1 505284
 1 223398 1 460737
 1 297119 1 499959
 1 178668 1 531094
 1 220692 1 476919
 1 230245 1 466335
 1 228145 1 482175
 1 198899 1 480366
 1 151885 1 503999
 1 197471 1 484823
 1 112404 1 489076
 1 168004 1 549080
 1 227835 1 483010
 1 239740 1 424128
 1 115102 1 459087
 1 241978 1 480371
 1 278073 1 483582
 1 219757 1 518928
 1 171338 1 439516
 1 237604 1 476481
 1 202770 1 472812
 1 195166 1 438443
 1 129720 1 517525
 1 202925 1 469511
 1 230772 1 469300
 1 159804 1 476714
 1 183251 1 535289
 1 204922 1 518652
 1 195774 1 403038
 1 246300 1 568375
 1 193983 1 401930
 1 195160 1 507267
 1 196946 1 479525
 1 201667 1 504296
 1 196600 1 470516
 1 204139 1 466726
 1 214167 1 475347
 1 245529 1 390666
 1 203104 1 552398
 1 200143 1 490065
 1 196467 1 449257
 1 227558 1 466736
 1 224955 1 490913
 1 172659 1 522356
 1 158410 1 508695
 1 196559 1 477755
 1 181029 1 454595
 1 197727 1 480121
 1 198644 1 480974
 1 200140 1 474888
 1 232184 1 485341
 1 217789 1 449324
 1 239416 1 395424
 1 149862 1 503958
 1 218183 1 412583
 1 323355 1 502122
 1 233204 1 388471
 1 211422 1 492799
 1 140606 1 419729
 1 214112 1 548157
 1 193996 1 488095
 1 189760 1 444553
 1 172246 1 511422
 1 140454 1 557008
 1 229232 1 564886
 1 163899 1 505525
 1 204501 1 486492
 1 149313 1 408879
 1 158148 1 499972
 1 107935 1 451945
 1 154221 1 438519
 1 170432 1 511098
 1 150652 1 432587
 1 200360 1 480447
 1 234007 1 516904
 1 188695 1 514970
 1 203490 1 442567
 1 174153 1 442752
 1 199381 1 476054
 1 203633 1 447281
 1 175493 1 482614
 1  99813 1 428022
 1 163423 1 383935
 1 200013 1 481618
 1  88506 1 502797
 1 206626 1 478104
 1 259424 1 476627
 1 155343 1 516597
 1 208270 1 463405
 1 205094 1 483558
 1 191973 1 482208
 1 211306 1 483512
 1 217247 1 485987
 1 175188 1 479904
 1 191810 1 449616
 1 223455 1 546549
 1 206782 1 478746
 1 203563 1 488698
 1 200876 1 478805
 1 166462 1 454457
 1 211995 1 480257
 1 219520 1 412301
 1 199368 1 473878
 1 192430 1 489582
 1 275894 1 533657
 1 198880 1 480107
 1 138652 1 526721
 1 140287 1 486323
 1 231466 1 480405
 1 217147 1 569908
 1 202569 1 500562
 1 240702 1 481487
 1 223603 1 548356
 1 200135 1 490468
 1 128387 1 507579
 1 194579 1 520711
 1 171176 1 460818
 1 252791 1 499541
 1 255951 1 476774
 1  72299 1 457319
 1 182053 1 420973
 1 195201 1 548596
 1 179395 1 462021
 1 199987 1 477783
 1 177349 1 471828
 1 246216 1 485898
 1 144872 1 526271
 1 208245 1 528186
 1 212929 1 476235
 1 198303 1 478619
 1 236017 1 425005
 1 176880 1 523485
 1 206305 1 421383
 1 201326 1 482431
 1 258124 1 486502
 1 217018 1 426482
 1 273278 1 521295
 1 198750 1 480303
 1 145765 1 456046
 1 181856 1 437451
 1 199052 1 468573
 1 199060 1 519100
 1 236709 1 462772
 1 254439 1 452536
 1 230038 1 443325
 1 213886 1 507374
 1 232585 1 471301
 1 218008 1 441898
 1 200781 1 433484
 1 248689 1 480565
 1 159550 1 522440
 1 217445 1 489534
 1 188990 1 462950
 1 275338 1 518305
 1 142031 1 499068
 1 180686 1 500459
 1 187954 1 479951
 1 202125 1 480082
 1 200037 1 507487
 1 174201 1 485398
 1 170015 1 509672
 1 209896 1 429839
 1 184785 1 507380
 1 232863 1 540748
 1 184344 1 480367
 1 130249 1 440857
 1 202232 1 463212
 1 234863 1 467401
 1 195714 1 519850
 1 288118 1 457260
 1 223793 1 476545
 1 213032 1 463777
 1 183422 1 516062
 1 202345 1 579776
 1 239169 1 532939
 1 229079 1 487858
 1 205752 1 461182
 1 134918 1 476102
 1 175279 1 448672
 1 204913 1 479550
 1 319580 1 486040
 1 285927 1 435850
 1 215692 1 527808
 1 202601 1 484452
 1 198959 1 497158
 1 214243 1 482053
 1 206374 1 508699
 1 251780 1 484761
 1 199114 1 469623
 1 178962 1 471635
 1 226735 1 562622
 1 187597 1 433963
 1 239940 1 461885
 1 155510 1 462922
 1 101403 1 505387
 1 105815 1 441254
 1 187336 1 425848
 1 116999 1 471084
 1 242331 1 505895
 1 176787 1 455252
 1 142364 1 533947
 1 199221 1 435815
 1 200452 1 517402
 1 239708 1 522698
 1 164993 1 522126
 1 161184 1 475700
 1 201596 1 548073
 1 203880 1 449456
 1 213506 1 438923
 1 153590 1 506320
 1 170862 1 447677
 1 256158 1 478779
 1 206008 1 462381
 1 249490 1 508893
 1 181318 1 475716
 1 263208 1 456092
 1 127672 1 408101
 1 241504 1 523137
 1 215615 1 565032
 1 192757 1 484550
 1 206525 1 490555
 1 144734 1 458218
 1 199536 1 515450
 1 196724 1 365062
 1 219621 1 438976
 1 207918 1 477087
 1 219747 1 434052
 1 450376 1 816291
 1 643695 1 909929
 1 513426 1 832807
 1 561470 1 838605
 1 470156 1 827622
 1 473019 1 937335
 1 523563 1 866647
 1 459347 1 974808
 1 527918 1 854003
 1 506133 1 894175
 1 495857 1 849038
 1 501212 1 852751
 1 573975 1 888425
 1 507544 1 790383
 1 415628 1 873116
 1 590381 1 824899
 1 532237 1 848909
 1 422566 1 847296
 1 408082 1 859669
 1 502990 1 788494
 1 500902 1 848367
 1 429212 1 863488
 1 543340 1 835652
 1 504986 1 872830
 1 616298 1 876882
 1 505927 1 850461
 1 520952 1 823921
 1 538713 1 919722
 1 516573 1 820716
 1 458668 1 829289
 1 483186 1 948249
 1 506023 1 816501
 1 518139 1 834426
 1 498834 1 833679
 1 438083 1 867968
 1 494152 1 844007
 1 635681 1 888274
 1 473080 1 838594
 1 534311 1 832766
 1 503794 1 891279
 1 476569 1 881867
 1 439622 1 837804
 1 499363 1 847874
 1 483561 1 794044
 1 492321 1 864579
 1 515782 1 888687
 1 552379 1 787471
 1 463759 1 841362
 1 505785 1 840179
 1 508569 1 826431
 1 499171 1 853840
 1 476609 1 896330
 1 462641 1 873096
 1 496157 1 858363
 1 587164 1 934503
 1 514518 1 840298
 1 490690 1 758774
 1 529301 1 777124
 1 431603 1 825661
 1 572003 1 759509
 1 521636 1 832236
 1 528492 1 823480
 1 495917 1 815492
 1 477106 1 823495
 1 505263 1 858709
 1 479632 1 713435
 1 469430 1 847522
 1 505676 1 855482
 1 562175 1 850937
 1 522504 1 796625
 1 525795 1 842177
 1 508059 1 874463
 1 473545 1 896739
 1 434368 1 826882
 1 521395 1 853079
 1 584694 1 741699
 1 520295 1 807801
 1 480110 1 852464
 1 508158 1 831738
 1 550441 1 853275
 1 557961 1 864098
 1 643300 1 889478
 1 475506 1 843930
 1 479884 1 857319
 1 502242 1 852244
 1 502351 1 863779
 1 481199 1 913425
 1 537938 1 833179
 1 498589 1 857019
 1 612759 1 849113
 1 524872 1 796043
 1 562523 1 815120
 1 542975 1 888547
 1 476108 1 846865
 1 565882 1 872224
 1 413779 1 860495
 1 556015 1 865374
 1 532763 1 857579
 1 510525 1 854845
 1 488176 1 860062
 1 495576 1 837634
 1 508142 1 844721
 1 514284 1 861453
 1 510709 1 752675
 1 469823 1 911565
 1 502256 1 852343
 1 528155 1 854950
 1 500100 1 841304
 1 526153 1 833774
 1 412690 1 929937
 1 501737 1 815574
 1 509827 1 831484
 1 507734 1 755168
 1 455050 1 984555
 1 480379 1 863197
 1 488959 1 847615
 1 485918 1 817710
 1 470338 1 804745
 1 507276 1 845292
 1 502074 1 829675
 1 513205 1 759054
 1 441764 1 814172
 1 496683 1 830454
 1 521690 1 746222
 1 564170 1 918516
 1 485910 1 849177
 1 524149 1 931853
 1 505400 1 861421
 1 506741 1 850046
 1 591534 1 783441
 1 515997 1 873751
 1 445848 1 885139
 1 397186 1 887254
 1 522280 1 900528
 1 464920 1 910602
 1 485435 1 843624
 1 379310 1 889954
 1 505652 1 839474
 1 625028 1 822992
 1 503413 1 819127
 1 515069 1 748957
 1 507885 1 839875
 1 522567 1 792215
 1 545646 1 813736
 1 610348 1 846411
 1 529259 1 850232
 1 517047 1 713630
 1 546459 1 790436
 1 543365 1 904861
 1 450428 1 829953
 1 538768 1 909837
 1 516826 1 850113
 1 502376 1 856153
 1 493152 1 866277
 1 504920 1 856370
 1 504757 1 839548
 1 542898 1 847721
 1 575447 1 860995
 1 494769 1 891864
 1 512529 1 835574
 1 452764 1 940358
 1 503256 1 853978
 1 552401 1 833620
 1 515374 1 882079
 1 584114 1 874080
 1 466353 1 827825
 1 478542 1 841814
 1 479170 1 727682
 1 531536 1 922446
 1 508991 1 860499
 1 482850 1 815711
 1 493348 1 887901
 1 544240 1 889837
 1 414927 1 896090
 1 487373 1 846570
 1 462933 1 932943
 1 475606 1 799550
 1 496155 1 910586
 1 403645 1 871486
 1 513654 1 936427
 1 515828 1 956802
 1 467652 1 824538
 1 427575 1 798302
 1 476553 1 829160
 1 527192 1 736133
 1 502310 1 852904
 1 530619 1 748262
 1 452581 1 845431
 1 479539 1 846564
 1 484034 1 788380
 1 548813 1 860446
 1 580929 1 898980
 1 515534 1 807888
 1 513838 1 834007
 1 514390 1 894483
 1 518209 1 856606
 1 425108 1 774062
 1 508891 1 848640
 1 518054 1 861726
 1 484465 1 877825
 1 562629 1 852913
 1 507153 1 823797
 1 527261 1 890065
 1 469521 1 830789
 1 486687 1 733342
 1 490820 1 921524
 1 638317 1 865885
 1 502926 1 825050
 1 548182 1 705992
 1 467795 1 839934
 1 476625 1 888878
 1 581105 1 890570
 1 412449 1 793220
 1 550636 1 965047
 1 605362 1 751027
 1 524361 1 884086
 1 488888 1 879135
 1 548299 1 798883
 1 588843 1 932637
 1 619175 1 879052
 1 551682 1 936270
 1 505091 1 849701
 1 475000 1 895609
 1 480797 1 860745
 1 546362 1 873309
 1 488565 1 975112
 1 501698 1 831126
 1 505021 1 726692
 1 431366 1 787771
 1 520529 1 876846
 1 401212 1 788368
 1 498738 1 834644
 1 556979 1 810845
 1 498119 1 896858
 1 423086 1 768377
 1 506518 1 881060
 1 615730 1 897214
 1 521103 1 869232
 1 381710 1 832840
 1 511736 1 833318
 1 566914 1 898531
 1 498611 1 876539
 1 518467 1 815376
 1 560398 1 858597
 1 567373 1 803693
 1 521405 1 871844
 1 536191 1 865868
 1 532076 1 850252
 1 555705 1 862777
 1 503241 1 852684
 1 502156 1 829132
 1 499798 1 837656
 1 526676 1 841883
 1 497478 1 757225
 1 526699 1 865254
 1 500653 1 886231
 1 504530 1 849944
 1 449734 1 785924
 1 505796 1 823492
 1 514165 1 906736
 1 477278 1 877447
 1 443237 1 882193
 1 498289 1 848510
 1 505522 1 850803
 1 533127 1 916539
 1 484075 1 839356
 1 507711 1 856666
 1 520963 1 822493
 1 501370 1 864849
 1 440078 1 833239
 1 593226 1 781983
 1 471182 1 869337
 1 496356 1 803174
 1 506451 1 847498
 1 433464 1 883410
 1 481888 1 893156
 1 555325 1 838425
 1 441043 1 876786
 1 506361 1 849295
 1 575185 1 935592
 1 510223 1 792220
 1 506392 1 848910
 1 564834 1 780899
 1 589897 1 941206
 1 482586 1 843438
 1 481076 1 829392
 1 538191 1 932212
 1 395369 1 828639
 1 496032 1 926742
 1 481474 1 871803
 1 556221 1 913466
 1 511941 1 853424
 1 571258 1 821716
 1 493898 1 844618
 1 500493 1 869961
 1 496296 1 868696
 1 488885 1 735886
 1 528199 1 802723
 1 539298 1 922257
 1 448428 1 834284
 1 526968 1 829516
 1 486881 1 821631
 1 530691 1 762951
 1 504864 1 934701
 1 514276 1 872348
 1 472112 1 875729
 1 550236 1 872578
 1 575324 1 879376
 1 392033 1 823599
 1 455117 1 876848
 1 495266 1 751064
 1 487694 1 918895
 1 569349 1 910654
 1 516172 1 768548
 1 470349 1 927142
 1 485986 1 856899
 1 419278 1 899709
 1 458254 1 879596
 1 516267 1 878495
 1 447591 1 830282
 1 617652 1 861982
 1 517539 1 835591
 1 505187 1 859610
 1 532906 1 914431
 1 408289 1 861785
 1 628304 1 830166
 1 508713 1 865731
 1 517573 1 851376
 1 549708 1 797995
 1 506289 1 849475
 1 554892 1 894455
 1 540909 1 838794
 1 503244 1 848895
 1 493875 1 910246
 1 489188 1 946136
 1 438438 1 892843
 1 410303 1 843439
 1 494940 1 833708
 1 491899 1 851353
 1 548342 1 868462
 1 507531 1 899483
 1 393173 1 789567
 1 602975 1 710351
 1 512285 1 845153
 1 573823 1 892508
 1 490921 1 850997
 1 421117 1 856944
 1 531821 1 734902
 1 512196 1 836851
 1 442893 1 865096
 1 690463 1 149879
 1 668677 1 183298
 1 697702 1 156531
 1 691631 1 144621
 1 679407 1 150454
 1 654771 1 162467
 1 683484 1 168338
 1 677185 1 148777
 1 780592 1 121631
 1 697883 1 142272
 1 563939 1 173561
 1 715280 1 140877
 1 722253 1 219040
 1 679527 1 149337
 1 697583 1 142806
 1 689942 1 188593
 1 687368 1 141059
 1 656341 1 159600
 1 685842 1 165938
 1 662550 1 109202
 1 719153 1 169799
 1 732311 1 143631
 1 673930 1 138135
 1 664133 1 147952
 1 673300 1 159607
 1 652567 1 151462
 1 682676 1 151755
 1 681442 1 151383
 1 691458 1 151504
 1 651823 1  81049
 1 677231 1 150206
 1 643829 1 155707
 1 716979 1 191497
 1 683894 1 148711
 1 624063 1 141674
 1 658965 1 155481
 1 733848 1 166546
 1 690480 1 168208
 1 685015 1 135630
 1 741780 1 171930
 1 754807 1 167620
 1 647825 1 243066
 1 592183 1 159948
 1 661985 1 177902
 1 671646 1 152043
 1 662714 1 169521
 1 668866 1 148632
 1 558180 1 151040
 1 683369 1 151313
 1 717548 1 124671
 1 622499 1 168680
 1 689323 1 116935
 1 713353 1 157931
 1 683239 1 149348
 1 647532 1 156766
 1 732916 1 148343
 1 642076 1 201050
 1 707027 1 154812
 1 796983 1 183367
 1 705459 1 126710
 1 670083 1 103021
 1 757342 1 135491
 1 669550 1  65346
 1 793457 1 238456
 1 642377 1 136904
 1 677327 1 159848
 1 593844 1 153425
 1 574968 1  97162
 1 698186 1 111102
 1 600295 1  71930
 1 642772 1 102865
 1 678949 1 164706
 1 708597 1 221290
 1 657575 1 156409
 1 633848 1 147091
 1 672056 1 142388
 1 713592 1 135254
 1 770236 1 154395
 1 668296 1 125525
 1 718568 1  71349
 1 652616 1 142867
 1 712847 1 193622
 1 681879 1 276821
 1 718785 1 108406
 1 642363 1 204723
 1 681763 1 132407
 1 678450 1 154321
 1 639487 1  91517
 1 682629 1 194496
 1 709862 1  91457
 1 676086 1 153954
 1 684615 1 150066
 1 620515 1 179428
 1 806582 1 120349
 1 673217 1 150543
 1 648389 1 156328
 1 685914 1 146709
 1 598105 1 175902
 1 679621 1 152580
 1 675420 1 179180
 1 794373 1  93690
 1 658164 1 175179
 1 707042 1  78083
 1 678267 1 173148
 1 621220 1 173260
 1 678193 1 159552
 1 693848 1 147266
 1 672934 1 154899
 1 818071 1  89188
 1 775194 1 114940
 1 678022 1 152357
 1 672497 1 153815
 1 662456 1 125590
 1 665597 1 154475
 1 682931 1 185745
 1 642009 1  77916
 1 654737 1  93785
 1 624060 1 187729
 1 677223 1 149053
 1 687052 1 186012
 1 706705 1 218618
 1 679836 1 149044
 1 656937 1 133869
 1 706546 1 188725
 1 668478 1  99124
 1 685916 1  91510
 1 671623 1 149396
 1 656189 1 157681
 1 663379 1 156097
 1 679229 1  81640
 1 681830 1 152172
 1 667179 1 215585
 1 680500 1 157953
 1 682074 1 108238
 1 668586 1 177296
 1 607280 1 179752
 1 683552 1 118463
 1 766989 1 210310
 1 706391 1 175549
 1 719865 1 202142
 1 677886 1 155892
 1 672422 1 131767
 1 749844 1 201341
 1 667974 1 175547
 1 681850 1 151037
 1 693591 1 139764
 1 737036 1 156973
 1 687759 1 129513
 1 684521 1 179726
 1 683348 1 177770
 1 652325 1 155140
 1 712504 1 156892
 1 720773 1 163609
 1 687347 1 148959
 1 619265 1 159786
 1 615920 1 193133
 1 667678 1  94631
 1 664033 1 142907
 1 579218 1 185160
 1 653925 1 176549
 1 685345 1 135449
 1 690189 1 111767
 1 708383 1 149749
 1 695473 1 165240
 1 676692 1 188493
 1 667652 1 126036
 1 677078 1 132386
 1 681996 1 216660
 1 635087 1  80051
 1 696918 1 197717
 1 683291 1 149522
 1 673440 1 144134
 1 701220 1 230734
 1 564000 1 181476
 1 679826 1 139538
 1 662924 1 131650
 1 687774 1 163459
 1 674941 1 149054
 1 756744 1 186641
 1 627932 1 208771
 1 652186 1 169245
 1 655328 1 164304
 1 674423 1 154549
 1 660252 1 133558
 1 684409 1 134153
 1 555850 1 102064
 1 613181 1 100354
 1 612291 1 131433
 1 657706 1 234370
 1 693438 1 196453
 1 632710 1 114879
 1 677057 1 153715
 1 746042 1 142810
 1 671974 1 153389
 1 679136 1 131336
 1 716715 1 220700
 1 671234 1 158409
 1 680746 1 200342
 1 804946 1 103546
 1 677056 1 183240
 1 638282 1 152111
 1 629402 1  76143
 1 687189 1 179103
 1 669681 1 104687
 1 714789 1 126250
 1 702562 1 166037
 1 600692 1 137810
 1 716480 1 114681
 1 738184 1 129882
 1 699164 1  82665
 1 571664 1 102462
 1 725816 1 185419
 1 681691 1 156967
 1 719485 1 226327
 1 711218 1 153365
 1 614856 1 166633
 1 681942 1 154761
 1 623275 1 159513
 1 703611 1 110921
 1 711761 1  30810
 1 644798 1 170932
 1 594530 1 135125
 1 711441 1 151028
 1 691734 1 170125
 1 680136 1 141621
 1 658600 1 145858
 1 801580 1 145296
 1 689683 1 171742
 1 683193 1 153585
 1 680837 1 151558
 1 740889 1 181094
 1 612778 1 203817
 1 717872 1 166783
 1 662262 1 140834
 1 681528 1 158990
 1 664522 1 160542
 1 633551 1  85041
 1 684997 1 142145
 1 766390 1 136325
 1 681368 1 149140
 1 681904 1 144500
 1 709105 1 133447
 1 684997 1 149133
 1 682796 1 151632
 1 699896 1 215918
 1 699959 1 252510
 1 647531 1 141172
 1 790379 1 124778
 1 698677 1 193999
 1 742129 1 270133
 1 614997 1 177880
 1 649678 1 161459
 1 601734 1 144339
 1 724614 1 138599
 1 700901 1 194797
 1 643840 1 160218
 1 633618 1 163883
 1 682740 1  86719
 1 625505 1 161105
 1 685117 1 197270
 1 766199 1  98597
 1 661047 1 153301
 1 652165 1  79194
 1 657801 1 202396
 1 664616 1 149256
 1 635545 1 112464
 1 702600 1 190565
 1 686639 1 180824
 1 631767 1  57013
 1 661702 1 137957
 1 668373 1 149140
 1 726918 1 196388
 1 667570 1 150571
 1 678340 1 157887
 1 727884 1 170680
 1 598444 1 128607
 1 639543 1 175797
 1 723796 1  62508
 1 648471 1 170651
 1 675239 1 111718
 1 634845 1 169936
 1 751629 1 124830
 1 695776 1 153906
 1 696541 1  76765
 1 681029 1  85739
 1 650420 1 126495
 1 674937 1 133330
 1 747500 1 156957
 1 741128 1 136045
 1 681418 1 124207
 1 689550 1 157674
 1 583560 1 177962
 1 681298 1 260543
 1 727437 1 153320
 1 705610 1 210789
 1 773813 1 122606
 1 696924 1 142544
 1 704341 1  80054
 1 658326 1  89322
 1 624872 1 164531
 1 684328 1 110806
 1 720486 1 163061
 1 636647 1 115607
 1 717636 1 183845
 1 668755 1  99020
 1 688632 1 233498
 1 679675 1 145741
 1 694249 1 155386
 1 596920 1 227343
 1 690616 1 104291
 1 646177 1 104106
 1 705536 1 115821
 1 724820 1 215936
 1 645996 1 145443
 1 748015 1 151821
 1 760914 1 192907
 1 691985 1 108366
 1 678169 1 135317
 1 669680 1 150259
 1 666026 1 147594
 1 755003 1 213005
 1 675240 1 149486
 1 669678 1 150746
 1 681505 1 154335
 1 689690 1 171661
 1 637108 1  97030
 1 605453 1 254051
 1 742536 1 166238
 1 658991 1 173695
 1 711412 1 107533
 1 660134 1 151166
 1 683307 1 150877
 1 590184 1 126021
 1 736755 1 200563
 1 684074 1 160944
 1 714990 1 176425
 1 694213 1 130114
 1 664295 1 133073
 1 772586 1 123935
 1 603939 1  77113
 1 683960 1 119495
 1 767245 1 217478
 1 651105 1 142940
 1 686589 1 168480
 1 673973 1 147000
 1 633450 1 201336
 1 662080 1  25631
 1 706472 1 171207
 1 659128 1 142611
 1 665898 1  98088
